0	27.1
0.2	24.9
0.4	24.1
0.6	27.7
0.8	32.2
1	29.4
1.2	32.2
1.4	28.6
1.6	26.5
1.8	25.1
2	26.7
2.2	32.2
2.4	30.4
2.6	28.9
2.8	25.9
3	24.3
3.2	25.9
3.4	26.7
3.6	28.2
3.8	32.2
4	32.1
4.2	32.6
4.4	24.3
4.6	27.7
4.8	29.4
5	32.1
5.2	32
5.4	29.6
5.6	26.3
5.8	24.9
6	26.5
6.2	28.9
6.4	30.8
6.6	30.8
6.8	29.4
7	26.7
7.2	25.1
7.4	26.3
7.6	28.6
7.8	30.3
8	32
8.2	28.1
8.4	25.7
8.6	25.5
8.8	27.1
9	29
9.2	29.8
9.4	29.8
9.6	27.3
9.8	25.7
10	25.9
10.2	26.7
10.4	29
10.6	32.2
10.8	32.2
11	28.6
11.2	25.9
11.4	24.9
11.6	25.5
11.8	28.6
12	32
12.2	32
12.4	28.8
12.6	25.9
12.8	25.5
13	27.3
13.2	28.9
13.4	32
13.6	29.8
13.8	27.1
14	25.1
14.2	25.7
14.4	26.7
14.6	30.2
14.8	32.6
15	32
15.2	26.7
15.4	23.5
15.6	24.1
15.8	26.7
16	30.3
16.2	32.1
16.4	29.7
16.6	26.5
16.8	24.2
17	25.1
17.2	28.1
17.4	30.8
17.6	32.1
17.8	28.9
18	25.7
18.2	24.3
18.4	25.1
18.6	28.6
18.8	32.1
19	32.1
19.2	28.8
19.4	24.9
19.6	23.3
19.8	24.3
20	28.8
20.2	32.1
20.4	32.6
20.6	28.6
20.8	25.1
21	23.6
21.2	25.1
21.4	29.8
21.6	32.6
21.8	30.8
22	27.8
22.2	24.9
22.4	24.7
22.6	26.3
22.8	30.4
23	32.1
23.2	29.4
23.4	25.5
23.6	23.7
23.8	25.1
24	28.1
24.2	30.3
24.4	32.6
24.6	30.2
24.8	26.7
25	24.3
25.2	24.3
25.4	27.1
25.6	30.4
25.8	32.6
26	30.4
26.2	26.7
26.4	24.3
26.6	25.1
26.8	28
27	30.4
27.2	30.4
27.4	28.8
27.6	25.9
27.8	24.3
28	25.1
28.2	29
28.4	32.2
28.6	32.6
28.8	30.4
29	25.9
29.2	23.5
29.4	24.3
29.6	28.8
29.8	32.2
30	32.1
30.2	29
30.4	25.9
30.6	23.6
30.8	25.9
31	28.8
31.2	32.2
31.4	32.2
31.6	27.9
31.8	25.1
32	24.9
32.2	26.5
32.4	29.8
32.6	32.1
32.8	30.3
33	27.1
33.2	23.6
33.4	22.8
33.6	26.5
33.8	30.8
34	32.1
34.2	30.3
34.4	26.7
34.6	24.1
34.8	24.3
35	28
35.2	30.3
35.4	32.1
35.6	29.6
35.8	26.3
36	24.7
36.2	24.7
36.4	27.8
36.6	32.2
36.8	32.6
37	28.6
37.2	25.5
37.4	24.1
37.6	24.9
37.8	28.1
38	32.1
38.2	32.6
38.4	29.4
38.6	25.9
38.8	24.7
39	25.1
39.2	27.3
39.4	30.4
39.6	32.1
39.8	29.8
40	25.7
40.2	23.5
40.4	25.9
40.6	28.8
40.8	32.1
41	32.2
41.2	27.3
41.4	24.3
41.6	23.6
41.8	26.7
42	30.2
42.2	32.1
42.4	32
42.6	28.8
42.8	25.1
43	23.6
43.2	25.5
43.4	29.8
43.6	32.1
43.8	30.8
44	28.2
44.2	24.9
44.4	23.5
44.6	26.5
44.8	30.3
45	32.1
45.2	29.8
45.4	26.7
45.6	24.9
45.8	24.3
46	28
46.2	32
46.4	32.6
46.6	30.2
46.8	25.7
47	22.8
47.2	24.3
47.4	28.2
47.6	32
47.8	32.1
48	29.4
48.2	25.7
48.4	23.5
48.6	25.1
48.8	28.9
49	32
49.2	30.4
49.4	28
49.6	26.3
49.8	25.5
50	27.1
50.2	29
50.4	30.3
50.6	30.4
50.8	27.3
51	24.7
51.2	23.7
51.4	26.5
51.6	29.8
51.8	32.2
52	30.3
52.2	27.3
52.4	24.2
52.6	24.3
52.8	27.3
53	30.4
53.2	32
53.4	29.6
53.6	27.1
53.8	24.3
54	24.7
54.2	28.8
54.4	32.1
54.6	32.6
54.8	27.8
55	24.3
55.2	22.9
55.4	25.5
55.6	29.7
55.8	32.8
56	32.6
56.2	28
56.4	24.7
56.6	23.6
56.8	25.5
57	29.7
57.2	32.1
57.4	32.1
57.6	27.3
57.8	24.9
58	23.7
58.2	26.7
58.4	30.3
58.6	32.1
58.8	29.8
59	26.5
59.2	23.5
59.4	24.3
59.6	28.6
59.8	32.1
60	32.6
60.2	29
60.4	25.1
60.6	22.7
60.8	24.1
61	29.8
61.2	32.6
61.4	32.1
61.6	28.1
61.8	25.1
62	23.7
62.2	25.1
62.4	28.9
62.6	32.1
62.8	30.8
63	26.7
63.2	24.7
63.4	24.3
63.6	26.7
63.8	30.8
64	32.8
64.2	30.8
64.4	26.7
64.6	23.7
64.8	22.5
65	26.5
65.2	30.8
65.4	32.1
65.6	32.1
65.8	28.1
66	22.9
66.2	22.5
66.4	26.7
66.6	30.8
66.8	32.6
67	30.8
67.2	27.3
67.4	22.8
67.6	23.4
67.8	27.1
68	32.6
68.2	32.1
68.4	29.8
68.6	25.7
68.8	22
69	24.3
69.2	28
69.4	32.6
69.6	33
69.8	30.3
70	25.1
70.2	21.9
70.4	23.7
70.6	28.9
70.8	32.6
71	32.6
71.2	28.8
71.4	25.1
71.6	22.1
71.8	24.3
72	29.6
72.2	32.6
72.4	32.1
72.6	27.3
72.8	24.1
73	21.9
73.2	25.5
73.4	29.7
73.6	33.4
73.8	32.6
74	28.8
74.2	22.8
74.4	21.1
74.6	25.1
74.8	32.2
75	33.6
75.2	32.1
75.4	26.7
75.6	22.9
75.8	22.1
76	26.5
76.2	32.6
76.4	32.9
76.6	30.2
76.8	25.1
77	22.7
77.2	23.4
77.4	28.8
77.6	32.6
77.8	32.6
78	30.2
78.2	25.5
78.4	22.5
78.6	23.3
78.8	27.3
79	32.6
79.2	32.1
79.4	30.4
79.6	25.7
79.8	22.7
80	23.7
80.2	28.2
80.4	32.1
80.6	32.6
80.8	29.7
81	25.1
81.2	22.8
81.4	25.1
81.6	28.9
81.8	32.6
82	32.6
82.2	28.8
82.4	24.3
82.6	21.1
82.8	24.1
83	29.6
83.2	32.9
83.4	32.9
83.6	29
83.8	22.7
84	21.2
84.2	25.1
84.4	30.2
84.6	33.4
84.8	32.1
85	28.9
85.2	22.5
85.4	21.2
85.6	25.1
85.8	32.2
86	34
86.2	32.1
86.4	27.3
86.6	21.9
86.8	21.3
87	25.9
87.2	32.6
87.4	34
87.6	32.6
87.8	26.7
88	21.7
88.2	21.2
88.4	26.5
88.6	32.1
88.8	33.8
89	32.1
89.2	26.3
89.4	21.9
89.6	22.9
89.8	27.1
90	32.1
90.2	32.6
90.4	28.9
90.6	25.1
90.8	22
91	24.3
91.2	29
91.4	33
91.6	32.8
91.8	28.9
92	24.3
92.2	20.4
92.4	23.6
92.6	28.9
92.8	32.1
93	33.6
93.2	28.8
93.4	23.6
93.6	21.3
93.8	24.9
94	32.2
94.2	33
94.4	32.1
94.6	28
94.8	23.5
95	22.1
95.2	26.3
95.4	30.3
95.6	33.6
95.8	32.8
96	27.3
96.2	22.5
96.4	20.4
96.6	25.5
96.8	32.2
97	34
97.2	32.1
97.4	27.3
97.6	22
97.8	20.9
98	26.5
98.2	32.6
98.4	33.4
98.6	32.1
98.8	26.7
99	21.1
99.2	22.7
99.4	28.1
99.6	32.6
99.8	33
100	30.2
100.2	25.1
100.4	21.3
100.6	22
100.8	28.6
101	33.4
101.2	33.8
101.4	30.2
101.6	24.1
101.8	21.7
102	23.3
102.2	29.6
102.4	32.6
102.6	32.8
102.8	29.7
103	24.1
103.2	22.1
103.4	23.6
103.6	30.2
103.8	32.8
104	32.6
104.2	28.2
104.4	22.9
104.6	21.9
104.8	25.5
105	32.1
105.2	33.4
105.4	32.1
105.6	27.9
105.8	22.7
106	21.1
106.2	24.9
106.4	32
106.6	33.4
106.8	32.1
107	28
107.2	22.9
107.4	22.1
107.6	26.5
107.8	32.1
108	33
108.2	32
108.4	25.9
108.6	21.9
108.8	22.8
109	28.1
109.2	32.1
109.4	33.6
109.6	30.4
109.8	25.1
110	21.7
110.2	22.9
110.4	27.8
110.6	32.1
110.8	33
111	30.8
111.2	25.9
111.4	22.1
111.6	23.3
111.8	27.7
112	32.1
112.2	32.8
112.4	30.4
112.6	25.7
112.8	22.5
113	24.3
113.2	29.6
113.4	32.6
113.6	32.8
113.8	28.8
114	24.3
114.2	21.9
114.4	24.9
114.6	29.8
114.8	32.9
115	33
115.2	29.8
115.4	23.6
115.6	20.9
115.8	23.5
116	29.8
116.2	33.4
116.4	32.8
116.6	29.6
116.8	24.7
117	21.7
117.2	24.7
117.4	29.8
117.6	33
117.8	32.6
118	28.6
118.2	22.9
118.4	21.1
118.6	25.7
118.8	32.6
119	34.5
119.2	32.6
119.4	26.7
119.6	20.4
119.8	21.1
120	26.3
120.2	32.1
120.4	34.7
120.6	33.4
120.8	26.7
121	20.4
121.2	21.2
121.4	26.5
121.6	32.6
121.8	33.6
122	32.6
122.2	25.1
122.4	21.7
122.6	23.3
122.8	28.1
123	32.1
123.2	34
123.4	32.1
123.6	25.7
123.8	21.3
124	21.9
124.2	27.9
124.4	32.6
124.6	34
124.8	32.9
125	25.1
125.2	19.8
125.4	21.7
125.6	28.1
125.8	33
126	33.4
126.2	32
126.4	24.7
126.6	19.7
126.8	23.5
127	30.8
127.2	33.6
127.4	32.9
127.6	28.6
127.8	23.6
128	21.3
128.2	25.1
128.4	29.6
128.6	33.4
128.8	33.6
129	28.1
129.2	22.8
129.4	20.7
129.6	25.5
129.8	30.8
130	33
130.2	32.9
130.4	28.2
130.6	22.5
130.8	22.5
131	26.3
131.2	32.2
131.4	32.8
131.6	32.6
131.8	27.7
132	22.1
132.2	22
132.4	26.7
132.6	32.6
132.8	33.4
133	32.1
133.2	26.7
133.4	22
133.6	22
133.8	25.9
134	32.6
134.2	33.8
134.4	32.1
134.6	25.9
134.8	22.1
135	23.7
135.2	28
135.4	32.2
135.6	32.6
135.8	30.8
136	24.7
136.2	20.9
136.4	25.1
136.6	29.7
136.8	32.1
137	33
137.2	29.6
137.4	23.6
137.6	22.1
137.8	24.9
138	29
138.2	32.8
138.4	34
138.6	29.7
138.8	23.3
139	20.5
139.2	24.7
139.4	30.4
139.6	33.6
139.8	33
140	28
140.2	21.2
140.4	21.3
140.6	27.3
140.8	32.1
141	32.9
141.2	32.6
141.4	26.5
141.6	22
141.8	22.9
142	27.3
142.2	32
142.4	32.8
142.6	32.6
142.8	26.7
143	21.7
143.2	22.9
143.4	26.7
143.6	30.4
143.8	32.9
144	32.1
144.2	27.3
144.4	22.5
144.6	22.7
144.8	28.2
145	32.6
145.2	32.1
145.4	30.4
145.6	25.5
145.8	22
146	24.9
146.2	28.8
146.4	32.1
146.6	32.1
146.8	32.2
147	25.7
147.2	21.7
147.4	23.6
147.6	28.6
147.8	32.6
148	32.1
148.2	30.3
148.4	26.7
148.6	22
148.8	24.9
149	28.8
149.2	32.1
149.4	32.1
149.6	29
149.8	24.3
150	22.1
150.2	25.5
150.4	29.6
150.6	32.1
150.8	32.9
151	29.4
151.2	24.1
151.4	22
151.6	24.3
151.8	29.7
152	32.6
152.2	32.6
152.4	29.6
152.6	23.6
152.8	22.5
153	24.9
153.2	29.4
153.4	32.8
153.6	32.8
153.8	27.7
154	22.8
154.2	23.7
154.4	27.1
154.6	30.3
154.8	32.1
155	30.3
155.2	26.7
155.4	24.3
155.6	24.3
155.8	27.3
156	30.3
156.2	32.1
156.4	30.8
156.6	27.3
156.8	23.5
157	22.9
157.2	27.8
157.4	32.1
157.6	32.1
157.8	30.8
158	25.9
158.2	22.5
158.4	24.7
158.6	28.9
158.8	32.6
159	32.1
159.2	28.1
159.4	25.1
159.6	23.5
159.8	25.1
160	30.2
160.2	32.1
160.4	32.6
160.6	29.4
160.8	24.1
161	23.5
161.2	24.7
161.4	29
161.6	32.8
161.8	32.6
162	29.6
162.2	24.9
162.4	23.4
162.6	26.7
162.8	29.7
163	32.6
163.2	32.2
163.4	27.3
163.6	23.5
163.8	22.8
164	28.8
164.2	32.1
164.4	32.1
164.6	32
164.8	26.9
165	23.7
165.2	23.6
165.4	27.8
165.6	32.6
165.8	32.1
166	29.7
166.2	26.9
166.4	23.5
166.6	25.1
166.8	29
167	32.2
167.2	32.6
167.4	29
167.6	24.7
167.8	23.3
168	26.5
168.2	30.4
168.4	32.1
168.6	32.1
168.8	28.6
169	24.7
169.2	22.8
169.4	25.7
169.6	30.2
169.8	32.1
170	32.1
170.2	29
170.4	24.7
170.6	22.9
170.8	25.7
171	29.8
171.2	32.1
171.4	32.1
171.6	28.6
171.8	24.3
172	22.1
172.2	26.3
172.4	32.1
172.6	32.6
172.8	32
173	26.3
173.2	23.7
173.4	22.9
173.6	27.3
173.8	32.6
174	32.8
174.2	32.1
174.4	28
174.6	23.5
174.8	21.7
175	25.9
175.2	32.1
175.4	32.1
175.6	32.1
175.8	26.7
176	23.3
176.2	22.8
176.4	28.8
176.6	32.1
176.8	32.1
177	29.7
177.2	25.1
177.4	21.7
177.6	24.3
177.8	29.4
178	32.8
178.2	32.6
178.4	29.7
178.6	24.7
178.8	21.9
179	24.1
179.2	30.2
179.4	32.6
179.6	32.6
179.8	28.9
180	23.9
180.2	22
180.4	25.1
180.6	29.6
180.8	32.6
181	32.1
181.2	28.6
181.4	25.1
181.6	23.6
181.8	24.7
182	30.2
182.2	32.1
182.4	32.1
182.6	29
182.8	24.9
183	22.9
183.2	25.7
183.4	32
183.6	32.6
183.8	32.6
184	29
184.2	24.9
184.4	23.3
184.6	25.7
184.8	29.7
185	32.1
185.2	32.1
185.4	28.8
185.6	22.8
185.8	22.8
186	26.7
186.2	32.6
186.4	32.1
186.6	30.2
186.8	26.5
187	23.3
187.2	23.5
187.4	27.8
187.6	32.8
187.8	32.1
188	30.8
188.2	26.7
188.4	23.3
188.6	22.7
188.8	27.8
189	32.6
189.2	32.1
189.4	29.8
189.6	25.1
189.8	22.7
190	24.3
190.2	29.6
190.4	32.6
190.6	32.6
190.8	29.4
191	24.7
191.2	23.3
191.4	24.3
191.6	29.8
191.8	32.1
192	32.1
192.2	29.6
192.4	24.7
192.6	21.7
192.8	25.1
193	30.2
193.2	32.6
193.4	32.1
193.6	28.8
193.8	24.9
194	22.7
194.2	25.9
194.4	30.2
194.6	32.6
194.8	32
195	28
195.2	23.6
195.4	23.4
195.6	27.1
195.8	30.3
196	32.1
196.2	32.1
196.4	26.7
196.6	23.3
196.8	22.7
197	26.7
197.2	32.1
197.4	32.9
197.6	32.1
197.8	27.3
198	22.7
198.2	22.8
198.4	27.7
198.6	32.6
198.8	32.1
199	30.4
199.2	25.5
199.4	23.5
199.6	24.9
199.8	28.9
200	32.1
200.2	32.1
200.4	29.6
200.6	25.1
200.8	22.9
201	23.4
201.2	28.9
201.4	32.1
201.6	32.1
201.8	30.8
202	25.7
202.2	23.3
202.4	23.7
202.6	28.8
202.8	32.1
203	32.6
203.2	29.4
203.4	25.1
203.6	24.3
203.8	25.5
204	29.7
204.2	32.6
204.4	32.2
204.6	28.8
204.8	24.7
205	24.1
205.2	25.9
205.4	29.7
205.6	32.6
205.8	30.3
206	28
206.2	25.1
206.4	23.6
206.6	26.3
206.8	28.9
207	32.6
207.2	32.6
207.4	28
207.6	23.6
207.8	23.7
208	26.7
208.2	30.8
208.4	32.1
208.6	30.3
208.8	27.1
209	24.9
209.2	24.1
209.4	28
209.6	30.8
209.8	32.6
210	32
210.2	26.3
210.4	22.5
210.6	22.8
210.8	28.1
211	32.1
211.2	33
211.4	30.8
211.6	25.9
211.8	23.5
212	24.7
212.2	28.6
212.4	32.1
212.6	32.2
212.8	29
213	25.7
213.2	24.9
213.4	26.7
213.6	29
213.8	30.2
214	32.2
214.2	28.8
214.4	24.9
214.6	23.6
214.8	26.9
215	29.8
215.2	32
215.4	32.1
215.6	28.8
215.8	25.5
216	24.1
216.2	26.7
216.4	30.2
216.6	32.1
216.8	30.2
217	26.7
217.2	23.6
217.4	25.1
217.6	28.8
217.8	30.4
218	32.1
218.2	29.4
218.4	26.7
218.6	25.1
218.8	25.1
219	28.6
219.2	32
219.4	32.6
219.6	30.4
219.8	26.7
220	23.3
220.2	24.3
220.4	28.8
220.6	32.2
220.8	32.6
221	30.2
221.2	25.5
221.4	22.8
221.6	25.7
221.8	29.7
222	32.1
222.2	30.3
222.4	28.6
222.6	25.7
222.8	23.6
223	27.1
223.2	29.8
223.4	32.2
223.6	32.1
223.8	28
224	24.3
224.2	23.3
224.4	26.7
224.6	30.8
224.8	32.2
225	32.1
225.2	28.2
225.4	24.9
225.6	24.3
225.8	27.3
226	30.8
226.2	32.2
226.4	29.4
226.6	25.9
226.8	23.5
227	25.1
227.2	29
227.4	32.2
227.6	32.6
227.8	29.6
228	25.7
228.2	22.9
228.4	24.9
228.6	29
228.8	32
229	32.6
229.2	29.8
229.4	25.9
229.6	23.7
229.8	24.9
230	29
230.2	32.6
230.4	32.1
230.6	28.6
230.8	24.3
231	23.6
231.2	26.3
231.4	30.8
231.6	32.1
231.8	29.8
232	29.4
232.2	25.7
232.4	23.6
232.6	25.7
232.8	30.8
233	32.6
233.2	32.2
233.4	29
233.6	24.7
233.8	23.5
234	25.9
234.2	29.8
234.4	32.1
234.6	32.2
234.8	28
235	23.5
235.2	24.3
235.4	28
235.6	32.2
235.8	32.1
236	29.6
236.2	26.3
236.4	23.7
236.6	25.7
236.8	29.4
237	32.6
237.2	32.1
237.4	29.8
237.6	25.5
237.8	22.7
238	23.6
238.2	28.1
238.4	32.6
238.6	32.6
238.8	29.8
239	25.5
239.2	23.5
239.4	25.7
239.6	29.6
239.8	32.1
240	32.2
240.2	28.2
240.4	25.1
240.6	24.3
240.8	26.3
241	29.4
241.2	32.2
241.4	32.6
241.6	28.8
241.8	25.1
242	23.5
242.2	25.7
242.4	29.6
242.6	32.1
242.8	32.1
243	28.9
243.2	25.1
243.4	23.7
243.6	25.9
243.8	29.6
244	32.1
244.2	32.6
244.4	27.8
244.6	24.7
244.8	24.1
245	27.3
245.2	30.8
245.4	32.2
245.6	30.4
245.8	27.1
246	24.3
246.2	24.1
246.4	28.2
246.6	32.2
246.8	32.1
247	30.3
247.2	26.5
247.4	23.7
247.6	23.4
247.8	27.3
248	32.2
248.2	32.6
248.4	32
248.6	25.7
248.8	22.8
249	24.1
249.2	28.9
249.4	32.1
249.6	32.1
249.8	28.9
250	25.1
250.2	23.6
250.4	25.7
250.6	29
250.8	32.1
251	32.1
251.2	29.4
251.4	25.7
251.6	23.7
251.8	24.1
252	28.2
252.2	32.1
252.4	32.1
252.6	29.8
252.8	25.5
253	23.3
253.2	25.5
253.4	29.7
253.6	32.6
253.8	30.4
254	28.1
254.2	25.5
254.4	24.3
254.6	25.9
254.8	28.9
255	32.6
255.2	32.1
255.4	28.8
255.6	23.6
255.8	23.4
256	26.5
256.2	30.2
256.4	32.1
256.6	30.8
256.8	27.3
257	24.1
257.2	24.3
257.4	27.1
257.6	32.2
257.8	32.1
258	30.2
258.2	26.3
258.4	23.6
258.6	24.3
258.8	27.3
259	32
259.2	32.1
259.4	30.4
259.6	25.9
259.8	22.8
260	24.3
260.2	28.6
260.4	32.1
260.6	32.1
260.8	30.4
261	26.5
261.2	24.1
261.4	23.5
261.6	28.1
261.8	32.6
262	32.6
262.2	29.4
262.4	26.5
262.6	24.7
262.8	25.1
263	29
263.2	32.2
263.4	30.3
263.6	28
263.8	25.1
264	24.7
264.2	26.7
264.4	29.8
264.6	32.2
264.8	32
265	28.6
265.2	25.1
265.4	24.3
265.6	25.9
265.8	29.4
266	30.8
266.2	30.4
266.4	28.6
266.6	25.5
266.8	25.1
267	27.3
267.2	30.3
267.4	32.2
267.6	29.6
267.8	27.1
268	24.7
268.2	24.7
268.4	28
268.6	32
268.8	32.2
269	29.8
269.2	26.7
269.4	24.1
269.6	24.3
269.8	27.3
270	30.8
270.2	32.1
270.4	30.4
270.6	25.9
270.8	23.6
271	25
271.2	29
271.4	32.2
271.6	30.8
271.8	28.8
272	26.3
272.2	25.7
272.4	26.5
272.6	29
272.8	29.7
273	30.4
273.2	28.8
273.4	24.9
273.6	24.9
273.8	27.1
274	30.2
274.2	32
274.4	30.4
274.6	27.3
274.8	25.1
275	25.7
275.2	28.1
275.4	29.7
275.6	29.8
275.8	28.9
276	27.1
276.2	25.9
276.4	26.7
276.6	28.2
276.8	29.7
277	30.2
277.2	28.8
277.4	26.7
277.6	25.1
277.8	25.7
278	28.8
278.2	30.3
278.4	32
278.6	29.8
278.8	27.3
279	25.1
279.2	24.9
279.4	28.2
279.6	30.2
279.8	32
280	28.9
280.2	25.9
280.4	24.2
280.6	26.3
280.8	29.8
281	30.4
281.2	30.3
281.4	28.1
281.6	25.9
281.8	25.5
282	26.7
282.2	30.2
282.4	32.2
282.6	30.4
282.8	28
283	25.7
283.2	25.1
283.4	27.3
283.6	29.7
283.8	30.2
284	29.4
284.2	28.2
284.4	25.1
284.6	25.7
284.8	28.1
285	30.4
285.2	29.7
285.4	28.9
285.6	26.7
285.8	25.9
286	26.5
286.2	29
286.4	30.8
286.6	29.7
286.8	28.6
287	25.9
287.2	24.9
287.4	25.5
287.6	28.2
287.8	32.2
288	32.2
288.2	29.4
288.4	25.9
288.6	23.6
288.8	25.9
289	29.7
289.2	32
289.4	29.6
289.6	27.9
289.8	25.9
290	25.9
290.2	26.7
290.4	29.4
290.6	30.3
290.8	29.8
291	28.1
291.2	25.5
291.4	24.3
291.6	26.7
291.8	30.2
292	32.2
292.2	30.3
292.4	28.6
292.6	25.7
292.8	25.1
293	27.3
293.2	29.7
293.4	30.3
293.6	29.8
293.8	27.3
294	24.9
294.2	25.1
294.4	28.8
294.6	32
294.8	30.4
295	28.6
295.2	25.9
295.4	24.9
295.6	25.7
295.8	28.9
296	32.1
296.2	30.8
296.4	28.9
296.6	25.7
296.8	23.6
297	25.1
297.2	29.8
297.4	32.1
297.6	30.3
297.8	28.6
298	24.3
298.2	24.3
298.4	26.5
298.6	30.2
298.8	32.1
299	29.8
299.2	27.9
299.4	25.7
299.6	25.1
299.8	26.7
300	30.4
300.2	32.2
300.4	30.8
300.6	27.3
300.8	24.9
301	24.3
301.2	25.9
301.4	29.4
301.6	32
301.8	30.8
302	28.1
302.2	25.1
302.4	24.7
302.6	27.1
302.8	30.4
303	32.2
303.2	29.4
303.4	26.3
303.6	25.1
303.8	25.9
304	28.1
304.2	30.3
304.4	30.3
304.6	29.8
304.8	25.9
305	24.1
305.2	24.9
305.4	28
305.6	32.2
305.8	32.6
306	30.2
306.2	25.7
306.4	24.1
306.6	25.5
306.8	28.6
307	32.1
307.2	32.1
307.4	28.9
307.6	24.9
307.8	23.6
308	25.5
308.2	29.4
308.4	32.1
308.6	30.8
308.8	28.6
309	25.5
309.2	24.1
309.4	25.9
309.6	29.8
309.8	32.1
310	32
310.2	28
310.4	24.9
310.6	24.3
310.8	26.3
311	29.6
311.2	32.2
311.4	30.8
311.6	28.2
311.8	24.9
312	24.9
312.2	27.1
312.4	29.8
312.6	30.3
312.8	29.7
313	27.3
313.2	25.1
313.4	25.7
313.6	27.3
313.8	30.4
314	32.2
314.2	29.8
314.4	27.1
314.6	24.9
314.8	24.9
315	26.7
315.2	29.7
315.4	32.1
315.6	29.7
315.8	26.7
316	23.6
316.2	25.5
316.4	29
316.6	30.3
316.8	32.1
317	29
317.2	25.7
317.4	25.1
317.6	26.5
317.8	29
318	32
318.2	32.1
318.4	29.6
318.6	25.5
318.8	23.6
319	25.5
319.2	28.1
319.4	30.3
319.6	32.6
319.8	29.4
320	25.5
320.2	24.7
320.4	26.3
320.6	28.9
320.8	30.3
321	30.3
321.2	28.2
321.4	25.1
321.6	25.1
321.8	27.7
322	29.6
322.2	30.2
322.4	29.7
322.6	27.3
322.8	25.1
323	25.5
323.2	28.1
323.4	29.8
323.6	30.4
323.8	30.2
324	27.8
324.2	25.5
324.4	25.5
324.6	28
324.8	29.8
325	30.2
325.2	29.6
325.4	27.3
325.6	25.1
325.8	25.9
326	28.2
326.2	29.7
326.4	30.2
326.6	28.8
326.8	26.5
327	25.1
327.2	26.5
327.4	28.6
327.6	30.8
327.8	32
328	29
328.2	25.9
328.4	25.1
328.6	25.9
328.8	28.2
329	30.2
329.2	30.8
329.4	28.9
329.6	26.7
329.8	24.9
330	26.3
330.2	29
330.4	30.3
330.6	29.7
330.8	28.2
331	25.9
331.2	25.9
331.4	27.1
331.6	29.7
331.8	30.3
332	29.7
332.2	27.9
332.4	25.5
332.6	25.5
332.8	27.3
333	29.7
333.2	30.3
333.4	28.9
333.6	27.1
333.8	25.7
334	26.3
334.2	28.8
334.4	29.7
334.6	29.7
334.8	28.2
335	26.7
335.2	26.3
335.4	27.1
335.6	28.9
335.8	30.2
336	29.6
336.2	28
336.4	26.3
336.6	25.7
336.8	26.7
337	28.9
337.2	30.2
337.4	30.3
337.6	28.1
337.8	26.7
338	25.9
338.2	26.5
338.4	29
338.6	29.8
338.8	29.7
339	28.6
339.2	27.1
339.4	25.5
339.6	27.3
339.8	29
340	29.4
340.2	29.4
340.4	28
340.6	25.9
340.8	25.7
341	27.8
341.2	29.7
341.4	30.2
341.6	28.9
341.8	27.3
342	26.3
342.2	25.9
342.4	27.8
342.6	29.8
342.8	29.8
343	28.6
343.2	26.7
343.4	25.9
343.6	26.7
343.8	28.8
344	29.7
344.2	29.7
344.4	27.1
344.6	25.7
344.8	26.3
345	27.3
345.2	29.7
345.4	30.8
345.6	29.7
345.8	27.3
346	25.9
346.2	25.1
346.4	26.7
346.6	29.8
346.8	30.8
347	29.7
347.2	27.3
347.4	25.5
347.6	25.9
347.8	27.8
348	30.2
348.2	30.4
348.4	28.9
348.6	27.3
348.8	25.9
349	26.3
349.2	28.1
349.4	29.8
349.6	30.2
349.8	28.8
350	26.5
350.2	25.9
350.4	26.3
350.6	28
350.8	29.7
351	30.2
351.2	28.8
351.4	27.1
351.6	25.9
351.8	26.5
352	29
352.2	29.8
352.4	29.4
352.6	28.2
352.8	26.7
353	26.3
353.2	27.1
353.4	29.6
353.6	30.4
353.8	28.9
354	27.3
354.2	25.5
354.4	25.5
354.6	26.7
354.8	29.4
355	32.2
355.2	32
355.4	27.3
355.6	24.9
355.8	25.1
356	27.3
356.2	30.2
356.4	30.8
356.6	29.8
356.8	27.3
357	25.1
357.2	25.1
357.4	27.8
357.6	30.3
357.8	30.8
358	28.9
358.2	26.7
358.4	24.2
358.6	25.7
358.8	28.6
359	30.3
359.2	32
359.4	28.6
359.6	26.3
359.8	25.5
360	25.9
360.2	28.2
360.4	29.7
360.6	30.3
360.8	29.6
361	26.5
361.2	25.7
361.4	26.7
361.6	28.6
361.8	30.2
362	29.8
362.2	28
362.4	25.9
362.6	26.5
362.8	27.8
363	29
363.2	30.4
363.4	30.2
363.6	28.1
363.8	25.5
364	25.1
364.2	26.7
364.4	28.8
364.6	30.3
364.8	32.1
365	28.6
365.2	24.9
365.4	24.9
365.6	26.7
365.8	29.6
366	32.1
366.2	30.4
366.4	27.3
366.6	25.1
366.8	25.1
367	27.8
367.2	30.4
367.4	32
367.6	30.2
367.8	27.1
368	24.3
368.2	24.9
368.4	27.1
368.6	29.7
368.8	32.6
369	30.2
369.2	27.3
369.4	25.1
369.6	25.7
369.8	28.1
370	30.4
370.2	30.8
370.4	29
370.6	26.3
370.8	25.7
371	26.7
371.2	29
371.4	30.2
371.6	29.7
371.8	28.2
372	26.5
372.2	25.5
372.4	27.1
372.6	28.9
372.8	30.4
373	29.7
373.2	28.8
373.4	26.3
373.6	25.5
373.8	26.7
374	28.8
374.2	29.8
374.4	30.2
374.6	28.8
374.8	26.3
375	25.5
375.2	26.7
375.4	29
375.6	30.3
375.8	29.4
376	28
376.2	25.7
376.4	25.7
376.6	27.8
376.8	29.8
377	30.3
377.2	29.7
377.4	27.9
377.6	25.7
377.8	25.1
378	26.3
378.2	29.4
378.4	30.8
378.6	30.2
378.8	28
379	25.7
379.2	25.5
379.4	27.1
379.6	29.6
379.8	30.4
380	29.6
380.2	27.3
380.4	25.9
380.6	26.7
380.8	28.6
381	29.7
381.2	30.3
381.4	28.8
381.6	26.5
381.8	25.1
382	26.3
382.2	28.2
382.4	30.2
382.6	30.4
382.8	28.1
383	26.5
383.2	25.5
383.4	26.5
383.6	29
383.8	30.4
384	30.2
384.2	28.2
384.4	25.9
384.6	25.9
384.8	28
385	29.7
385.2	29.8
385.4	28.9
385.6	27.1
385.8	25.9
386	25.9
386.2	27.8
386.4	28.9
386.6	30.2
386.8	29.7
387	28.2
387.2	26.7
387.4	25.9
387.6	27.1
387.8	29.4
388	29.7
388.2	29.4
388.4	28.1
388.6	26.7
388.8	25.9
389	27.1
389.2	28.9
389.4	29.8
389.6	29
389.8	27.3
390	26.5
390.2	26.7
390.4	28.2
390.6	29.8
390.8	30.3
391	29
391.2	26.7
391.4	25.9
391.6	26.7
391.8	28.6
392	29.4
392.2	29.4
392.4	28.8
392.6	26.7
392.8	26.3
393	26.7
393.2	28.5
393.4	29.8
393.6	29.6
393.8	27.8
394	25.9
394.2	26.3
394.4	28.1
394.6	30.3
394.8	29.7
395	28.8
395.2	27.1
395.4	25.9
395.6	26.5
395.8	27.3
396	29.4
396.2	30.2
396.4	28.8
396.6	27.1
396.8	26.5
397	26.9
397.2	28.6
397.4	29.4
397.6	29
397.8	28.6
398	27.3
398.2	26.7
398.4	27.3
398.6	28.6
398.8	28.9
399	28.8
399.2	28
399.4	27.3
399.6	26.7
399.8	26.7
400	28.1
400.2	29.4
400.4	29
400.6	28
400.8	27.3
401	27.3
401.2	27.1
401.4	28.8
401.6	29.6
401.8	28.9
402	28.1
402.2	27.1
402.4	26.5
402.6	27.1
402.8	29.6
403	29.7
403.2	28.6
403.4	26.7
403.6	25.7
403.8	26.9
404	28.2
404.2	30.2
404.4	30.4
404.6	28.6
404.8	26.7
405	26.5
405.2	26.5
405.4	28.1
405.6	30.4
405.8	30.2
406	28.1
406.2	26.7
406.4	26.5
406.6	26.7
406.8	28.8
407	29.8
407.2	29.4
407.4	27.8
407.6	25.9
407.8	26.5
408	27.8
408.2	29.4
408.4	30.2
408.6	29.4
408.8	28
409	26.3
409.2	26.5
409.4	27.3
409.6	29.6
409.8	29.8
410	28.6
410.2	27.1
410.4	26.5
410.6	26.7
410.8	28.1
411	29.7
411.2	29.4
411.4	27.9
411.6	26.7
411.8	26.3
412	27.8
412.2	29
412.4	29.4
412.6	29.4
412.8	28.1
413	27.1
413.2	25.9
413.4	26.7
413.6	28.1
413.8	29.8
414	29.8
414.2	29
414.4	27.1
414.6	25.7
414.8	26.7
415	28.1
415.2	29.8
415.4	29.8
415.6	29
415.8	28
416	25.9
416.2	26.3
416.4	28.8
416.6	30.4
416.8	29.8
417	28.1
417.2	26.3
417.4	25.1
417.6	26.7
417.8	29
418	30.2
418.2	30.2
418.4	28
418.6	25.9
418.8	25.9
419	27.1
419.2	28.9
419.4	30.4
419.6	29.4
419.8	27.8
420	25.5
420.2	26.5
420.4	28.2
420.6	29.4
420.8	29.7
421	28.6
421.2	26.7
421.4	25.7
421.6	26.7
421.8	29
422	29.7
422.2	30.4
422.4	28.6
422.6	26.7
422.8	25.9
423	26.7
423.2	28.2
423.4	29.7
423.6	30.4
423.8	28.9
424	26.7
424.2	25.5
424.4	26.7
424.6	28.2
424.8	29.6
425	29.8
425.2	28.6
425.4	26.3
425.6	25.9
425.8	27.3
426	28.6
426.2	29.8
426.4	29.7
426.6	28.8
426.8	27.1
427	25.7
427.2	26.5
427.4	28.1
427.6	29.8
427.8	30.2
428	29
428.2	26.5
428.4	25.1
428.6	26.7
428.8	28.8
429	30.2
429.2	29.7
429.4	27.8
429.6	25.9
429.8	26.3
430	28.2
430.2	29.4
430.4	29.8
430.6	29.6
430.8	27.3
431	25.7
431.2	25.9
431.4	28.2
431.6	29.8
431.8	30.4
432	28.9
432.2	26.7
432.4	25.9
432.6	26.5
432.8	28.1
433	30.2
433.2	29.7
433.4	28.1
433.6	27.1
433.8	26.3
434	27.1
434.2	28.6
434.4	29.7
434.6	29.8
434.8	28.2
435	26.7
435.2	25.7
435.4	26.5
435.6	28.6
435.8	29.8
436	30.2
436.2	28.8
436.4	26.7
436.6	26.3
436.8	26.7
437	28.1
437.2	29.4
437.4	29.6
437.6	29
437.8	27.3
438	26.3
438.2	26.7
438.4	28.6
438.6	29.8
438.8	29.4
439	27.8
439.2	26.7
439.4	26.7
439.6	27.8
439.8	28.6
440	29.7
440.2	29.6
440.4	28.1
440.6	26.7
440.8	25.9
441	27.1
441.2	29
441.4	30.2
441.6	29.6
441.8	28
442	25.7
442.2	25.7
442.4	27.3
442.6	29.4
442.8	30.2
443	29
443.2	26.7
443.4	25.9
443.6	26.7
443.8	29.4
444	30.3
444.2	29.8
444.4	28.1
444.6	26.3
444.8	25.9
445	27.1
445.2	28.6
445.4	29.8
445.6	29.6
445.8	28.1
446	27.3
446.2	26.5
446.4	26.7
446.6	28.1
446.8	29.8
447	29
447.2	27.3
447.4	27.3
447.6	28
447.8	27.8
448	28.9
448.2	29
448.4	28.6
448.6	27.3
448.8	27.3
449	27.3
449.2	28
449.4	28.1
449.6	28.9
449.8	28.8
450	28.2
450.2	27.9
450.4	27.1
450.6	27.1
450.8	28.6
451	29.6
451.2	28.9
451.4	27.8
451.6	27.1
451.8	27.3
452	27.7
452.2	28.9
452.4	29
452.6	28.1
452.8	26.7
453	26.9
453.2	26.7
453.4	28.2
453.6	29.6
453.8	29.7
454	28.8
454.2	27.1
454.4	26.7
454.6	27.3
454.8	28
455	29.6
455.2	29.8
455.4	28.1
455.6	27.1
455.8	26.7
456	27.3
456.2	28.6
456.4	29.8
456.6	29
456.8	27.3
457	26.7
457.2	27.1
457.4	28.8
457.6	28.9
457.8	29.7
458	28.8
458.2	26.7
458.4	26.7
458.6	28
458.8	28.1
459	28.8
459.2	28.6
459.4	28.1
459.6	27.1
459.8	27.3
460	27.3
460.2	28.2
460.4	29
460.6	28.9
460.8	28
461	27.1
461.2	27.1
461.4	28.1
461.6	28.9
461.8	29.4
462	28.8
462.2	27.3
462.4	26.7
462.6	27.3
462.8	27.3
463	28.6
463.2	29.6
463.4	28.9
463.6	28
463.8	26.7
464	26.7
464.2	27.1
464.4	28.6
464.6	29.4
464.8	29
465	28.2
465.2	27.3
465.4	27.1
465.6	27.8
465.8	29
466	29.4
466.2	28.6
466.4	27.3
466.6	26.3
466.8	26.9
467	27.8
467.2	29.4
467.4	29.8
467.6	28.2
467.8	27.3
468	27.3
468.2	27.1
468.4	28.1
468.6	29.4
468.8	29.4
469	28.6
469.2	26.7
469.4	26.7
469.6	27.8
469.8	28.9
470	29.4
470.2	28.6
470.4	26.7
470.6	25.9
470.8	26.7
471	28.1
471.2	29.4
471.4	29.8
471.6	28.9
471.8	27.1
472	26.5
472.2	27.1
472.4	28
472.6	29
472.8	29.8
473	29
473.2	27.3
473.4	26.7
473.6	27.1
473.8	27.8
474	29
474.2	29.4
474.4	28.1
474.6	27.3
474.8	27.3
475	27.3
475.2	28.1
475.4	28.9
475.6	29.4
475.8	29
476	27.7
476.2	26.7
476.4	26.7
476.6	27.3
476.8	29
477	29.4
477.2	28.8
477.4	27.9
477.6	26.7
477.8	26.7
478	28
478.2	29.6
478.4	29.7
478.6	28.1
478.8	27.1
479	26.7
479.2	27.3
479.4	29
479.6	30.2
479.8	29.6
480	28.2
480.2	25.9
480.4	25.7
480.6	26.7
480.8	29
481	30.3
481.2	29.8
481.4	27.3
481.6	25.7
481.8	26.5
482	27.3
482.2	28.9
482.4	30.4
482.6	29.4
482.8	27.3
483	26.5
483.2	26.5
483.4	27.8
483.6	29.6
483.8	29.8
484	28.2
484.2	26.7
484.4	26.5
484.6	26.9
484.8	28.2
485	29.4
485.2	29.4
485.4	28.1
485.6	27.3
485.8	27.3
486	27.1
486.2	27.8
486.4	29
486.6	29.4
486.8	28.8
487	27.8
487.2	27.1
487.4	27.1
487.6	28.1
487.8	28.9
488	28.9
488.2	28
488.4	27.3
488.6	27.1
488.8	28
489	28.6
489.2	29.4
489.4	28.9
489.6	28.2
489.8	27.3
490	26.7
490.2	26.7
490.4	27.8
490.6	29.8
490.8	29.7
491	28.6
491.2	26.7
491.4	25.9
491.6	26.7
491.8	29
492	30.4
492.2	29.4
492.4	27.3
492.6	27.1
492.8	26.5
493	27.8
493.2	29.6
493.4	29.7
493.6	29
493.8	28
494	26.5
494.2	26.3
494.4	27.8
494.6	29.4
494.8	29.7
495	28.8
495.2	27.3
495.4	26.7
495.6	26.7
495.8	27.3
496	29.4
496.2	29.6
496.4	28.6
496.6	27.3
496.8	27.3
497	27.8
497.2	28.8
497.4	29.4
497.6	28.6
497.8	27.7
498	27.1
498.2	26.7
498.4	27.1
498.6	28.2
498.8	29.6
499	28.9
499.2	27.9
499.4	27.1
499.6	27.3
499.8	27.3
500	28.1
500.2	29.6
500.4	28.9
500.6	28.2
500.8	27.3
501	27.1
501.2	27.1
501.4	28.5
501.6	29.8
501.8	29
502	27.1
502.2	26.5
502.4	26.7
502.6	27.8
502.8	29
503	29.8
503.2	28.9
503.4	27.8
503.6	27.3
503.8	26.9
504	27.1
504.2	28.8
504.4	29.7
504.6	29.4
504.8	28
505	26.5
505.2	26.5
505.4	27.9
505.6	29.6
505.8	29.4
506	28.1
506.2	26.7
506.4	26.7
506.6	27.8
506.8	29
507	29.8
507.2	29
507.4	27.3
507.6	27.3
507.8	27.3
508	27.8
508.2	28.1
508.4	28.9
508.6	28.6
508.8	27.3
509	27.3
509.2	27.3
509.4	28
509.6	28.1
509.8	29
510	28.6
510.2	27.7
510.4	27.1
510.6	27.3
510.8	28.1
511	28.9
511.2	29
511.4	28.2
511.6	27.3
511.8	27.3
512	27.3
512.2	28
512.4	28.1
512.6	29
512.8	28.9
513	28.1
513.2	27.3
513.4	26.7
513.6	27.3
513.8	28.8
514	29.6
514.2	29
514.4	28.1
514.6	27.3
514.8	27.3
515	27.7
515.2	28.6
515.4	28.8
515.6	28.2
515.8	27.3
516	26.7
516.2	27.1
516.4	28.2
516.6	29.6
516.8	29
517	28
517.2	26.7
517.4	27.3
517.6	28
517.8	28.6
518	29.6
518.2	28.9
518.4	27.9
518.6	26.7
518.8	26.7
519	28.2
519.2	28.9
519.4	29.6
519.6	28.2
519.8	26.9
520	26.5
520.2	27.1
520.4	28.6
520.6	29.8
520.8	29
521	28.2
521.2	26.7
521.4	26.7
521.6	27.3
521.8	28.8
522	29
522.2	28.8
522.4	28.1
522.6	27.8
522.8	27.3
523	27.3
523.2	27.8
523.4	29
523.6	28.6
523.8	28
524	27.8
524.2	27.3
524.4	28.1
524.6	28.6
524.8	29
525	28.8
525.2	27.8
525.4	27.7
525.6	27.3
525.8	27.3
526	28.1
526.2	29
526.4	28.1
526.6	27.8
526.8	27.8
527	27.3
527.2	27.3
527.4	28.1
527.6	29.4
527.8	28.6
528	27.7
528.2	27.3
528.4	27.1
528.6	27.8
528.8	28.9
529	29.8
529.2	28.8
529.4	26.7
529.6	26.5
529.8	26.7
530	27.7
530.2	28.9
530.4	29.7
530.6	28.6
530.8	27.3
531	26.5
531.2	26.7
531.4	28.6
531.6	29.6
531.8	29.6
532	28.2
532.2	27.3
532.4	26.5
532.6	27.3
532.8	28.8
533	29.6
533.2	28.6
533.4	27.3
533.6	26.5
533.8	26.7
534	28
534.2	29
534.4	29.4
534.6	28.1
534.8	28
535	28
535.2	27.3
535.4	28
535.6	28.6
535.8	29.6
536	28.6
536.2	28
536.4	27.3
536.6	27.3
536.8	27.8
537	28.8
537.2	29
537.4	27.9
537.6	27.1
537.8	27.3
538	27.3
538.2	28.1
538.4	29.4
538.6	29.6
538.8	28.1
539	27.1
539.2	26.7
539.4	26.7
539.6	28
539.8	29
540	29.6
540.2	28.8
540.4	28
540.6	26.7
540.8	26.5
541	27.8
541.2	29.6
541.4	29
541.6	28.2
541.8	27.3
542	26.7
542.2	27.8
542.4	28.6
542.6	29.8
542.8	29.4
543	28
543.2	27.1
543.4	26.5
543.6	26.7
543.8	28.2
544	29.8
544.2	29
544.4	27.3
544.6	26.7
544.8	27.3
545	27.8
545.2	28.8
545.4	29.4
545.6	28.1
545.8	27.3
546	27.3
546.2	27.3
546.4	28.2
546.6	29.4
546.8	28.9
547	27.3
547.2	26.7
547.4	27.3
547.6	27.3
547.8	28.1
548	28.9
548.2	29.4
548.4	28.1
548.6	27.3
548.8	27.3
549	27.3
549.2	27.8
549.4	28.9
549.6	29.6
549.8	28.2
550	27.8
550.2	27.3
550.4	26.9
550.6	27.3
550.8	29
551	29.4
551.2	28
551.4	27.1
551.6	26.7
551.8	27.3
552	28.2
552.2	29.4
552.4	29.6
552.6	28.2
552.8	27.3
553	26.7
553.2	26.9
553.4	28.1
553.6	29.4
553.8	29.6
554	28.1
554.2	27.3
554.4	27.1
554.6	27.3
554.8	28.8
555	29.6
555.2	28.1
555.4	28
555.6	26.5
555.8	26.7
556	28.6
556.2	29.6
556.4	29.6
556.6	28.6
556.8	27.3
557	26.5
557.2	26.7
557.4	28
557.6	29.4
557.8	29.6
558	28.1
558.2	27.1
558.4	26.7
558.6	27.1
558.8	28.1
559	28.9
559.2	29
559.4	28.1
559.6	27.1
559.8	27.3
560	27.8
560.2	28.1
560.4	29.4
560.6	28.6
560.8	27.3
561	27.3
561.2	27.1
561.4	27.8
561.6	28.2
561.8	29
562	28.8
562.2	28
562.4	27.9
562.6	27.3
562.8	27.3
563	27.7
563.2	29
563.4	28.9
563.6	29
563.8	27.7
564	27.3
564.2	27.3
564.4	28.6
564.6	29.4
564.8	28.2
565	27.3
565.2	27.3
565.4	27.3
565.6	27.3
565.8	29
566	29.4
566.2	28.6
566.4	27.8
566.6	27.3
566.8	26.7
567	27.8
567.2	28.6
567.4	28.9
567.6	28.8
567.8	28.1
568	26.7
568.2	27.1
568.4	28.1
568.6	28.9
568.8	29.4
569	27.7
569.2	26.7
569.4	26.7
569.6	27.3
569.8	28.6
570	29.6
570.2	28.9
570.4	28.2
570.6	27.3
570.8	26.7
571	27.3
571.2	28.8
571.4	28.9
571.6	28.6
571.8	27.3
572	27.3
572.2	27.7
572.4	27.8
572.6	28
572.8	28.6
573	28.2
573.2	27.7
573.4	27.3
573.6	28
573.8	27.9
574	28.8
574.2	29
574.4	28.1
574.6	27.3
574.8	27.3
575	27.8
575.2	27.8
575.4	28.8
575.6	29
575.8	28.2
576	27.8
576.2	27.3
576.4	27.3
576.6	27.3
576.8	28.2
577	29
577.2	28.6
577.4	27.7
577.6	27.3
577.8	27.3
578	28.2
578.2	28.9
578.4	29.4
578.6	28.1
578.8	27.1
579	26.9
579.2	27.3
579.4	28.7
579.6	29.4
579.8	29
580	28.2
580.2	27.1
580.4	26.7
580.6	27.8
580.8	28.6
581	29
581.2	28.1
581.4	28.1
581.6	27.7
581.8	27.1
582	28
582.2	28.6
582.4	28.8
582.6	28.2
582.8	27.3
583	26.7
583.2	27.1
583.4	28.8
583.6	29.4
583.8	29
584	27.8
584.2	27.3
584.4	27.8
584.6	28.2
584.8	28.1
585	28.6
585.2	28.2
585.4	28.1
585.6	28.2
585.8	27.8
586	27.3
586.2	28
586.4	28.8
586.6	28.8
586.8	27.8
587	27.3
587.2	27.3
587.4	28.2
587.6	28.8
587.8	28.6
588	28.2
588.2	27.9
588.4	28
588.6	27.3
588.8	27.1
589	28.2
589.2	28.9
589.4	28.6
589.6	28.1
589.8	27.3
590	26.5
590.2	27.1
590.4	28.2
590.6	29
590.8	28.1
591	27.9
591.2	27.3
591.4	27.3
591.6	27.8
591.8	28.9
592	29.4
592.2	28.1
592.4	27.3
592.6	27.3
592.8	26.7
593	28
593.2	29
593.4	29.4
593.6	27.9
593.8	27.3
594	27.1
594.2	27.7
594.4	28.1
594.6	28.9
594.8	28.6
595	27.8
595.2	27.3
595.4	27.3
595.6	28.2
595.8	28.8
596	29.4
596.2	28.8
596.4	27.3
596.6	26.7
596.8	27.3
597	28.1
597.2	29
597.4	28.6
597.6	28.2
597.8	28
598	28
598.2	27.8
598.4	28.2
598.6	28.6
598.8	28.8
599	28.2
599.2	27.8
599.4	27.9
599.6	27.3
599.8	28
600	28.2