0	27.9
0.2	32.9
0.4	35.3
0.6	33
0.8	30.2
1	30.8
1.2	32.1
1.4	32.9
1.6	32.1
1.8	25.9
2	29
2.2	32.8
2.4	33.6
2.6	32.1
2.8	29.6
3	29.8
3.2	33
3.4	32.9
3.6	30.2
3.8	25.9
4	26.3
4.2	33.6
4.4	34.1
4.6	29.8
4.8	29
5	30.3
5.2	33.6
5.4	33.6
5.6	28.8
5.8	26.5
6	28.6
6.2	33.4
6.4	33.8
6.6	32.2
6.8	29.4
7	29.8
7.2	32.6
7.4	32.1
7.6	30.8
7.8	28.1
8	28
8.2	30.4
8.4	33
8.6	33
8.8	32.1
9	28.9
9.2	29.7
9.4	32.1
9.6	32.6
9.8	32.6
10	27.8
10.2	29.7
10.4	32.1
10.6	33.7
10.8	32.1
11	30.2
11.2	29.4
11.4	32.2
11.6	30.2
11.8	30.2
12	32.1
12.2	32.2
12.4	30.6
12.6	30.3
12.8	32.6
13	32.4
13.2	32.6
13.4	32.2
13.6	26.7
13.8	28.6
14	32.6
14.2	32.6
14.4	32.1
14.6	30.4
14.8	28.8
15	32.6
15.2	32.1
15.4	32.6
15.6	28.8
15.8	28.9
16	30.3
16.2	32.6
16.4	32.1
16.6	32.1
16.8	32.2
17	30.4
17.2	32.1
17.4	30.3
17.6	30.3
17.8	29
18	29.8
18.2	32.1
18.4	32.1
18.6	30.2
18.8	30.3
19	32
19.2	32.6
19.4	30.8
19.6	28.2
19.8	29.7
20	32.6
20.2	32.6
20.4	30.2
20.6	28.8
20.8	29.8
21	34
21.2	36.6
21.4	28.1
21.6	25.9
21.8	28.1
22	34
22.2	35.3
22.4	32.2
22.6	26.7
22.8	28.1
23	32.6
23.2	34.7
23.4	32.1
23.6	26.5
23.8	25.9
24	30.8
24.2	34.5
24.4	34
24.6	32.2
24.8	26.3
25	29
25.2	32.6
25.4	32.8
25.6	30.4
25.8	26.3
26	29.6
26.2	32.1
26.4	33
26.6	32.6
26.8	29.8
27	30.3
27.2	32.6
27.4	29.4
27.6	29.4
27.8	30.4
28	32.6
28.2	32.1
28.4	29.7
28.6	29.6
28.8	32.1
29	33
29.2	32.6
29.4	27.8
29.6	26.4
29.8	29.8
30	33.6
30.2	32.6
30.4	29.8
30.6	28.1
30.8	32.2
31	33.6
31.2	32.6
31.4	29
31.6	26.3
31.8	30.8
32	32.9
32.2	32.6
32.4	30.8
32.6	28.6
32.8	29.7
33	33.4
33.2	32.6
33.4	28.8
33.6	28.2
33.8	30.2
34	32.6
34.2	32.6
34.4	32.2
34.6	32.2
34.8	32.1
35	32.2
35.2	27.8
35.4	30.2
35.6	32.2
35.8	33
36	30.3
36.2	27.3
36.4	28.6
36.6	34
36.8	37
37	32
37.2	25.9
37.4	25.5
37.6	32.6
37.8	34.9
38	32.1
38.2	28
38.4	28.8
38.6	32.1
38.8	34
39	32.1
39.2	29.4
39.4	28.9
39.6	29
39.8	29.7
40	32.6
40.2	32.1
40.4	32.1
40.6	32.1
40.8	28.6
41	30.2
41.2	32.1
41.4	32.6
41.6	29.8
41.8	28.8
42	29.8
42.2	32.6
42.4	32.9
42.6	32.6
42.8	30.2
43	30.4
43.2	28.9
43.4	32
43.6	30.8
43.8	32.6
44	32.1
44.2	29.6
44.4	29.8
44.6	32.6
44.8	33.6
45	32.6
45.2	27.3
45.4	28.1
45.6	32.1
45.8	32.1
46	30.4
46.2	28.9
46.4	32.2
46.6	33
46.8	30.8
47	29.4
47.2	29.4
47.4	32.2
47.6	32.6
47.8	32.2
48	32.2
48.2	32.6
48.4	32.6
48.6	32.1
48.8	29.7
49	30.3
49.2	32.1
49.4	29.4
49.6	29.8
49.8	30.8
50	32.6
50.2	32.1
50.4	32.1
50.6	32.2
50.8	29.7
51	28.6
51.2	32
51.4	32.6
51.6	32.6
51.8	28.9
52	28.2
52.2	30.4
52.4	33.6
52.6	34.7
52.8	30.2
53	26.5
53.2	28.8
53.4	32.1
53.6	32.8
53.8	29.7
54	28.9
54.2	32
54.4	32.1
54.6	32.1
54.8	30.2
55	29.8
55.2	30.4
55.4	32.1
55.6	29.7
55.8	29.8
56	32.2
56.2	32.1
56.4	32.6
56.6	29.6
56.8	30.4
57	30.8
57.2	30.2
57.4	30.2
57.6	29.8
57.8	30.3
58	32
58.2	32.6
58.4	32.4
58.6	30.4
58.8	30.3
59	32
59.2	30.8
59.4	29.6
59.6	32.4
59.8	32.6
60	32.1
60.2	30.2
60.4	29.7
60.6	32.6
60.8	32.1
61	30.3
61.2	28.2
61.4	29.8
61.6	32.6
61.8	32.1
62	30.4
62.2	29.8
62.4	32.4
62.6	33.4
62.8	32.1
63	27.3
63.2	26.7
63.4	32.6
63.6	32.6
63.8	32.6
64	30.3
64.2	32.1
64.4	30.4
64.6	32.2
64.8	32
65	32
65.2	32.1
65.4	28.6
65.6	29
65.8	32.1
66	33.4
66.2	32.6
66.4	32.1
66.6	29
66.8	30.2
67	32.1
67.2	30.3
67.4	32.2
67.6	32.1
67.8	30.2
68	29.7
68.2	32.1
68.4	32.6
68.6	32.6
68.8	29
69	28.6
69.2	30.8
69.4	32.1
69.6	32.1
69.8	30.2
70	30.8
70.2	32.1
70.4	32.6
70.6	30.3
70.8	29.7
71	29.8
71.2	32.1
71.4	32.1
71.6	29.4
71.8	29.4
72	32.1
72.2	32.6
72.4	32.6
72.6	29.7
72.8	28.2
73	30.3
73.2	32.1
73.4	32.1
73.6	30.4
73.8	29.7
74	32.1
74.2	32.6
74.4	30.3
74.6	29.8
74.8	30.2
75	30.2
75.2	29.8
75.4	32.1
75.6	29
75.8	32.6
76	32.6
76.2	32.1
76.4	32.1
76.6	29.8
76.8	28.6
77	30.2
77.2	32.2
77.4	32.1
77.6	29.7
77.8	30.5
78	32.6
78.2	32.1
78.4	32.6
78.6	30.4
78.8	29.6
79	29
79.2	29.4
79.4	32.6
79.6	32.1
79.8	30.3
80	30.3
80.2	32
80.4	30.3
80.6	32
80.8	30.4
81	32.1
81.2	32
81.4	28.8
81.6	29.8
81.8	32.1
82	34
82.2	32.6
82.4	28.1
82.6	26.7
82.8	32.1
83	34.8
83.2	30.8
83.4	28
83.6	27.8
83.8	32.6
84	35.7
84.2	32.1
84.4	29.7
84.6	26.7
84.8	29.7
85	33.4
85.2	32.1
85.4	28.8
85.6	28.1
85.8	29.4
86	34.7
86.2	32.9
86.4	27.3
86.6	27.3
86.8	30.2
87	32.1
87.2	33
87.4	30.2
87.6	27.1
87.8	32.6
88	33.4
88.2	32.8
88.4	30.2
88.6	27.9
88.8	29.7
89	32.6
89.2	32.1
89.4	29.6
89.6	29.7
89.8	32.1
90	33
90.2	32
90.4	29
90.6	29
90.8	30.8
91	33
91.2	32.2
91.4	28
91.6	28.1
91.8	32.6
92	35.7
92.2	33.4
92.4	27.9
92.6	25.9
92.8	30.8
93	32.9
93.2	32.8
93.4	28.6
93.6	27.3
93.8	30.3
94	33.9
94.2	33.8
94.4	30.8
94.6	27.7
94.8	29.7
95	32.1
95.2	32.1
95.4	30.3
95.6	30.3
95.8	32.6
96	32.4
96.2	30.2
96.4	29.4
96.6	30.4
96.8	32.1
97	30.8
97.2	29.1
97.4	29.6
97.6	32.1
97.8	33.8
98	32.6
98.2	29.8
98.4	28
98.6	29
98.8	33.2
99	32.6
99.2	29.6
99.4	28.2
99.6	32.2
99.8	33.4
100	34.5
100.2	29.6
100.4	26.7
100.6	28.1
100.8	32.1
101	33
101.2	32.2
101.4	27.2
101.6	28.1
101.8	33.4
102	35.5
102.2	32.6
102.4	27.1
102.6	25.9
102.8	30.4
103	33.4
103.2	32.6
103.4	29.6
103.6	27.8
103.8	30.4
104	34
104.2	32.6
104.4	30.4
104.6	26.7
104.8	27.9
105	32.6
105.2	32.1
105.4	30.3
105.6	29.4
105.8	32.6
106	32.8
106.2	32.1
106.4	28.8
106.6	28.8
106.8	32.6
107	32.6
107.2	30.2
107.4	28.1
107.6	29.7
107.8	32.8
108	33
108.2	32.1
108.4	26.7
108.6	26.7
108.8	32.6
109	34.7
109.2	32.6
109.4	26.7
109.6	28.1
109.8	32.1
110	35.7
110.2	32.6
110.4	27.9
110.6	26.3
110.8	32
111	32.9
111.2	32.6
111.4	30.3
111.6	29.6
111.8	32.1
112	32.1
112.2	32.6
112.4	29
112.6	28.9
112.8	30.4
113	32.2
113.2	32.6
113.4	30.8
113.6	32.1
113.8	32.6
114	32.6
114.2	29.8
114.4	28.2
114.6	32.6
114.8	32.1
115	30.4
115.2	28.1
115.4	28.8
115.6	33
115.8	34.7
116	32.1
116.2	26.7
116.4	26.7
116.6	32.1
116.8	33.6
117	32.1
117.2	28
117.4	26.7
117.6	32.6
117.8	34.7
118	32.6
118.2	28.6
118.4	27.3
118.6	29.6
118.8	32.1
119	32.8
119.2	29.7
119.4	28.6
119.6	29.4
119.8	32.1
120	34
120.2	30.8
120.4	27.1
120.6	28.2
120.8	32.6
121	32.1
121.2	30.2
121.4	30.8
121.6	32.2
121.8	32.1
122	30.3
122.2	28.8
122.4	29.7
122.6	32.1
122.8	32.1
123	29.7
123.2	29.4
123.4	30.3
123.6	33
123.8	32.6
124	32.1
124.2	28.1
124.4	27.7
124.6	32.1
124.8	32.6
125	32.1
125.2	27.3
125.4	29.7
125.6	32.1
125.8	33.4
126	32.1
126.2	28.1
126.4	28.1
126.6	32.1
126.8	32.1
127	30.3
127.2	32.4
127.4	30.3
127.6	32.1
127.8	30.8
128	30.2
128.2	32.6
128.4	30.5
128.6	28
128.8	27.3
129	30.2
129.2	34.5
129.4	32.1
129.6	32
129.8	29.8
130	32.2
130.2	32.1
130.4	32.6
130.6	29.8
130.8	28.5
131	30.4
131.2	32.2
131.4	32.6
131.6	32.9
131.8	30.8
132	28.1
132.2	28.1
132.4	32.1
132.6	32.9
132.8	32.1
133	27.1
133.2	28.1
133.4	32.1
133.6	33.8
133.8	32.6
134	27.7
134.2	28.8
134.4	32.1
134.6	32.1
134.8	32.1
135	28.8
135.2	32
135.4	32.4
135.6	32.6
135.8	32
136	30.8
136.2	29.8
136.4	32.1
136.6	29.8
136.8	29.4
137	30.8
137.2	32.1
137.4	32.1
137.6	32.1
137.8	29.8
138	29.4
138.2	32
138.4	32
138.6	32.1
138.8	30.2
139	30.2
139.2	32
139.4	32.1
139.6	32.6
139.8	32.6
140	28.7
140.2	28.1
140.4	30.4
140.6	32.6
140.8	32.6
141	29.6
141.2	29
141.4	32.1
141.6	32.8
141.8	32.1
142	30.2
142.2	28.1
142.4	29.4
142.6	32
142.8	32.2
143	32.1
143.2	30.2
143.4	30.2
143.6	32.1
143.8	32.1
144	32.1
144.2	29.6
144.4	29
144.6	30.4
144.8	30.3
145	32
145.2	32.1
145.4	32.6
145.6	32
145.8	29.4
146	28.9
146.2	32.1
146.4	32.6
146.6	29.7
146.8	28.9
147	29.8
147.2	32.6
147.4	33
147.6	32.1
147.8	28.6
148	29.6
148.2	29.8
148.4	32.6
148.6	32.4
148.8	30.2
149	28.5
149.2	30.4
149.4	32.1
149.6	32.9
149.8	30.2
150	27.8
150.2	28.1
150.4	32.1
150.6	33
150.8	29.7
151	28.8
151.2	32.1
151.4	32.1
151.6	32.1
151.8	29
152	29.6
152.2	32.2
152.4	32.6
152.6	29.8
152.8	28.2
153	30.8
153.2	33.6
153.4	32.1
153.6	29.6
153.8	27.3
154	32.6
154.2	32.1
154.4	32.1
154.6	28.5
154.8	27.3
155	32.1
155.2	33.6
155.4	32.6
155.6	29.6
155.8	28.9
156	30.4
156.2	32.1
156.4	32.1
156.6	29
156.8	29.7
157	29.8
157.2	32.6
157.4	32.1
157.6	32.1
157.8	32
158	29.8
158.2	30.3
158.4	32.1
158.6	30.8
158.8	30.2
159	32.6
159.2	32
159.4	32.2
159.6	32
159.8	32.1
160	32.6
160.2	29.7
160.4	29.4
160.6	29.7
160.8	32.1
161	32.6
161.2	32.6
161.4	30.2
161.6	28.8
161.8	30.4
162	32.1
162.2	32.6
162.4	29.6
162.6	28.1
162.8	29.7
163	32.6
163.2	33.4
163.4	32.6
163.6	27.8
163.8	28.8
164	30.2
164.2	32.6
164.4	30.4
164.6	28.9
164.8	32.2
165	32.1
165.2	32.1
165.4	30.4
165.6	29.7
165.8	32.2
166	32.2
166.2	30.4
166.4	29.4
166.6	30.3
166.8	32.4
167	32.6
167.2	30.8
167.4	32
167.6	32.6
167.8	32.2
168	30.6
168.2	28.9
168.4	29.6
168.6	29.7
168.8	32.2
169	32.9
169.2	32.6
169.4	30.2
169.6	29
169.8	30.8
170	32.8
170.2	32.6
170.4	28.1
170.6	27.9
170.8	32.2
171	34
171.2	32.1
171.4	28.9
171.6	27.2
171.8	30.2
172	32.6
172.2	32.6
172.4	28.1
172.6	28.1
172.8	32.1
173	32.6
173.2	32.9
173.4	29.4
173.6	28.1
173.8	29.7
174	32.1
174.2	33
174.4	30.3
174.6	29
174.8	30.4
175	32.6
175.2	32.6
175.4	29.8
175.6	29.4
175.8	30.4
176	32.6
176.2	32.6
176.4	29.4
176.6	29.7
176.8	32.6
177	32.1
177.2	32
177.4	29.6
177.6	29.8
177.8	32.2
178	32.2
178.2	29.5
178.4	29.4
178.6	29.7
178.8	32.1
179	33.4
179.2	32.6
179.4	29.6
179.6	28.9
179.8	29.8
180	32.1
180.2	32.6
180.4	28.6
180.6	30.4
180.8	32.4
181	32.6
181.2	32.6
181.4	29.7
181.6	29.4
181.8	30.4
182	32.1
182.2	32.1
182.4	29.6
182.6	29.7
182.8	32.2
183	32.1
183.2	32.6
183.4	30.3
183.6	29.7
183.8	30.8
184	32.1
184.2	30.8
184.4	29.4
184.6	29.6
184.8	32.1
185	32.1
185.2	32.2
185.4	29
185.6	29
185.8	32.6
186	32.1
186.2	29.8
186.4	27.3
186.6	29.7
186.8	33.7
187	33.8
187.2	32
187.4	27.3
187.6	28.2
187.8	32.1
188	33.4
188.2	30.3
188.4	26.9
188.6	28.9
188.8	33.6
189	34.5
189.2	32.2
189.4	27.1
189.6	28.1
189.8	32.1
190	33.4
190.2	32.1
190.4	28.8
190.6	30.8
190.8	32.6
191	32.1
191.2	32.6
191.4	30.4
191.6	29.6
191.8	30.2
192	30.3
192.2	32.2
192.4	29.8
192.6	30.2
192.8	32.2
193	32.1
193.2	32.1
193.4	29.8
193.6	29.6
193.8	30.4
194	32.6
194.2	30.2
194.4	29.4
194.6	30.8
194.8	32.1
195	32.1
195.2	32.6
195.4	29.8
195.6	29
195.8	32.2
196	30.3
196.2	30.2
196.4	30.8
196.6	30.4
196.8	32.1
197	32.6
197.2	32.1
197.4	30.3
197.6	28.9
197.8	32.2
198	32.1
198.2	32.1
198.4	30.4
198.6	30.2
198.8	30.3
199	32.1
199.2	32.1
199.4	30.4
199.6	29
199.8	29
200	32
200.2	32.1
200.4	32.1
200.6	30.4
200.8	30.4
201	32.2
201.2	32.6
201.4	30.2
201.6	29.4
201.8	29.7
202	32.2
202.2	30.4
202.4	32
202.6	32.4
202.8	32.1
203	32.6
203.2	29.8
203.4	28.8
203.6	29.8
203.8	32.1
204	32
204.2	29.7
204.4	29.4
204.6	32.1
204.8	32.9
205	32.1
205.2	30.2
205.4	28.1
205.6	30.8
205.8	32.1
206	32.6
206.2	30.2
206.4	30.3
206.6	30.3
206.8	32.1
207	32.6
207.2	32.2
207.4	29.7
207.6	28.9
207.8	29.6
208	32.6
208.2	32.6
208.4	32.1
208.6	29.7
208.8	29.8
209	32.2
209.2	32.1
209.4	30.8
209.6	29
209.8	29
210	32.6
210.2	32.1
210.4	32
210.6	30.4
210.8	30.8
211	32.1
211.2	32.6
211.4	30.4
211.6	29.8
211.8	32.6
212	30.4
212.2	30.5
212.4	32
212.6	32.1
212.8	32.4
213	32
213.2	30.4
213.4	28.1
213.6	32
213.8	32.1
214	32.1
214.2	32.2
214.4	29.4
214.6	32.2
214.8	32.1
215	32.6
215.2	30.3
215.4	29.7
215.6	28.8
215.8	29.8
216	32.6
216.2	32.1
216.4	32.1
216.6	30.3
216.8	29.4
217	32
217.2	32.8
217.4	30.3
217.6	28.1
217.8	28.1
218	30.3
218.2	32.1
218.4	32.1
218.6	30.8
218.8	29.8
219	32.6
219.2	32.6
219.4	30.2
219.6	29.4
219.8	30.2
220	30.5
220.2	32
220.4	32.1
220.6	32.2
220.8	32.1
221	32.1
221.2	30.2
221.4	28.9
221.6	30.2
221.8	32.1
222	30.3
222.2	29.8
222.4	32.2
222.6	32.2
222.8	32.1
223	30.3
223.2	29.7
223.4	30.2
223.6	30.4
223.8	30.3
224	30.8
224.2	32.1
224.4	32.2
224.6	30.4
224.8	29.7
225	32.6
225.2	32.6
225.4	32
225.6	28.8
225.8	28.9
226	32.1
226.2	32.1
226.4	32.1
226.6	30.4
226.8	29.6
227	30.2
227.2	32.1
227.4	30.4
227.6	29.8
227.8	29.7
228	29.7
228.2	32.1
228.4	32.2
228.6	32.4
228.8	32.1
229	32.1
229.2	29.6
229.4	28.8
229.6	32.1
229.8	32.1
230	32.6
230.2	30.8
230.4	29.6
230.6	32.2
230.8	32.6
231	32.6
231.2	30.4
231.4	27.3
231.6	28.8
231.8	32.6
232	32.1
232.2	32.6
232.4	28.8
232.6	29.7
232.8	32.1
233	32.1
233.2	30.2
233.4	29.4
233.6	29.4
233.8	30.2
234	32.1
234.2	32.1
234.4	32.1
234.6	29.6
234.8	30.8
235	32.2
235.2	32.6
235.4	30.3
235.6	29.4
235.8	29.6
236	32.2
236.2	32.1
236.4	32.1
236.6	32.6
236.8	30.3
237	32
237.2	29.6
237.4	30.2
237.6	32.1
237.8	30.8
238	32
238.2	30.3
238.4	32
238.6	32.2
238.8	32.1
239	30.3
239.2	29.6
239.4	29.6
239.6	30.8
239.8	32.1
240	32
240.2	32.1
240.4	30.4
240.6	32.2
240.8	30.3
241	30.2
241.2	32.1
241.4	30.4
241.6	29
241.8	29.6
242	32.6
242.2	33
242.4	32.2
242.6	29.4
242.8	28.9
243	32.6
243.2	32.1
243.4	30.8
243.6	30.2
243.8	29.8
244	32.1
244.2	32
244.4	32.1
244.6	32.6
244.8	32
245	29.6
245.2	29.6
245.4	30.3
245.6	32.6
245.8	32
246	32
246.2	29.6
246.4	32.6
246.6	32.1
246.8	32.1
247	30.3
247.2	27.1
247.4	29.8
247.6	32.6
247.8	33
248	30.8
248.2	28.1
248.4	29.8
248.6	32.1
248.8	32.1
249	32.2
249.2	28.1
249.4	29.4
249.6	32.1
249.8	32.6
250	32.1
250.2	30.3
250.4	29.8
250.6	29.8
250.8	32.6
251	32
251.2	30.8
251.4	29.7
251.6	30.4
251.8	30.8
252	32.1
252.2	32.1
252.4	32.6
252.6	29.8
252.8	29.7
253	30.2
253.2	32
253.4	30.8
253.6	30.3
253.8	30.3
254	32
254.2	32.1
254.4	32.6
254.6	32.1
254.8	32
255	29.7
255.2	29.4
255.4	30.2
255.6	32
255.8	32.6
256	32.1
256.2	32
256.4	29.4
256.6	32.1
256.8	32.1
257	32.4
257.2	30.2
257.4	29
257.6	29.6
257.8	32.6
258	32.1
258.2	32.4
258.4	30.2
258.6	30.3
258.8	30.5
259	32
259.2	30.3
259.4	30.2
259.6	29.4
259.8	30.4
260	32.2
260.2	32.6
260.4	32.1
260.6	30.8
260.8	30.8
261	29.8
261.2	29.8
261.4	32.1
261.6	32.6
261.8	30.3
262	29.4
262.2	30.8
262.4	32.6
262.6	32.1
262.8	29.4
263	27.7
263.2	29.8
263.4	32.1
263.6	32.1
263.8	30.4
264	29.8
264.2	29.7
264.4	32.6
264.6	32.4
264.8	29.8
265	29.8
265.2	29.7
265.4	30.3
265.6	32.2
265.8	32.1
266	32.1
266.2	32
266.4	30.2
266.6	32
266.8	30.2
267	30.4
267.2	30.8
267.4	29.7
267.6	30.2
267.8	32.2
268	32.1
268.2	32.6
268.4	32.6
268.6	30.8
268.8	28.9
269	30.8
269.2	30.8
269.4	32.1
269.6	30.2
269.8	30.4
270	32
270.2	32.1
270.4	32.1
270.6	30.3
270.8	29.6
271	29.7
271.2	30.4
271.4	30.8
271.6	32.2
271.8	32.6
272	30.8
272.2	30.4
272.4	30.8
272.6	32.1
272.8	32
273	30.2
273.2	29.8
273.4	32.2
273.6	30.4
273.8	30.3
274	32.6
274.2	32.2
274.4	30.4
274.6	29.4
274.8	30.8
275	32.6
275.2	32.2
275.4	29.4
275.6	29.7
275.8	32.1
276	32.1
276.2	32.2
276.4	30.4
276.6	30.2
276.8	30.4
277	30.8
277.2	32
277.4	32
277.6	32
277.8	30.2
278	32.2
278.2	32.1
278.4	32.1
278.6	30.2
278.8	28.1
279	29.6
279.2	32.6
279.4	32.4
279.6	32.1
279.8	29.6
280	29.6
280.2	32.1
280.4	32.1
280.6	29.6
280.8	28.8
281	29.7
281.2	32.1
281.4	32
281.6	30.4
281.8	29.6
282	32.6
282.2	32.6
282.4	32
282.6	28.1
282.8	29.4
283	32.1
283.2	32.4
283.4	29.8
283.6	29.8
283.8	29.7
284	32.1
284.2	32.6
284.4	30.8
284.6	28.1
284.8	29.4
285	32
285.2	32.1
285.4	32.2
285.6	29.4
285.8	30.3
286	32.6
286.2	32.6
286.4	32.6
286.6	29.7
286.8	29.4
287	29.8
287.2	32.6
287.4	32.6
287.6	30.8
287.8	30.4
288	32
288.2	32.4
288.4	32.2
288.6	30.4
288.8	29.8
289	29.7
289.2	30.8
289.4	32.2
289.6	32.1
289.8	30.8
290	30.6
290.2	32.6
290.4	30.4
290.6	30.4
290.8	30.3
291	30.2
291.2	32.2
291.4	30.8
291.6	29.7
291.8	32
292	32.1
292.2	32.6
292.4	29.6
292.6	28.9
292.8	32
293	32.1
293.2	32
293.4	30.2
293.6	30.4
293.8	32.6
294	32.1
294.2	32.1
294.4	30.2
294.6	28.8
294.8	28.9
295	32.2
295.2	32.1
295.4	30.3
295.6	29.6
295.8	29.8
296	32.1
296.2	32.1
296.4	30.3
296.6	27.8
296.8	28.9
297	32.1
297.2	32.1
297.4	29.8
297.6	29
297.8	30.2
298	33
298.2	32.6
298.4	29.4
298.6	27.3
298.8	30.8
299	32.6
299.2	32.4
299.4	28.9
299.6	28.2
299.8	32.1
300	33.2
300.2	32.6
300.4	28.8
300.6	29.6
300.8	32.2
301	32.1
301.2	32.1
301.4	29.7
301.6	29.4
301.8	32.2
302	32.1
302.2	32.6
302.4	29.6
302.6	28.1
302.8	30.2
303	32.6
303.2	32
303.4	32
303.6	30.2
303.8	30.3
304	32.6
304.2	32.2
304.4	32.2
304.6	29.7
304.8	29.6
305	29.8
305.2	32.1
305.4	32.1
305.6	32.2
305.8	29.4
306	30.2
306.2	32.1
306.4	32.4
306.6	30.2
306.8	29.6
307	30.2
307.2	32.1
307.4	32.1
307.6	32.4
307.8	32
308	32
308.2	32.4
308.4	30.4
308.6	29.7
308.8	30.2
309	32
309.2	30.8
309.4	29.7
309.6	29.8
309.8	32.6
310	32.1
310.2	32.2
310.4	28.2
310.6	28.6
310.8	32.1
311	32.1
311.2	30.4
311.4	29.4
311.6	30.4
311.8	32.8
312	32.1
312.2	30.4
312.4	28.7
312.6	29.4
312.8	32.6
313	32.1
313.2	30.3
313.4	29.6
313.6	29.6
313.8	32.1
314	32.1
314.2	30.4
314.4	28.6
314.6	29.7
314.8	32.1
315	32.6
315.2	30.2
315.4	29.6
315.6	30.8
315.8	32.1
316	32.1
316.2	29.8
316.4	28.8
316.6	30.8
316.8	32.1
317	32.2
317.2	29.8
317.4	29.7
317.6	32.1
317.8	32.1
318	32.6
318.2	29.6
318.4	28.9
318.6	30.4
318.8	30.3
319	32.1
319.2	32
319.4	32.2
319.6	30.3
319.8	32.1
320	32.6
320.2	30.4
320.4	29.6
320.6	28.8
320.8	32.2
321	32.1
321.2	32.1
321.4	30.3
321.6	32.2
321.8	30.3
322	30.8
322.2	32.2
322.4	30.8
322.6	30.2
322.8	29.8
323	30.2
323.2	32.6
323.4	32.2
323.6	32.1
323.8	29.7
324	30.6
324.2	32.2
324.4	30.4
324.6	30.5
324.8	30.4
325	32.2
325.2	30.4
325.4	30.3
325.6	32.6
325.8	32.4
326	32
326.2	28.6
326.4	30.2
326.6	32.2
326.8	32.6
327	32.1
327.2	29.4
327.4	29.7
327.6	32.1
327.8	32.6
328	30.3
328.2	28.8
328.4	28.9
328.6	32.1
328.8	32.1
329	32.2
329.2	29.8
329.4	30.2
329.6	32.6
329.8	32.6
330	30.8
330.2	28.9
330.4	29.6
330.6	30.8
330.8	32.1
331	30.3
331.2	29.7
331.4	30.2
331.6	32.1
331.8	32.1
332	29.7
332.2	28.8
332.4	30.4
332.6	32.1
332.8	32.2
333	29.7
333.2	29.6
333.4	32.4
333.6	32.1
333.8	32.6
334	29.4
334.2	29.4
334.4	30.2
334.6	32
334.8	32
335	30.2
335.2	29.7
335.4	32
335.6	32.6
335.8	32.1
336	32
336.2	29.4
336.4	29.8
336.6	30.3
336.8	32.2
337	32.1
337.2	32
337.4	30.3
337.6	32
337.8	30.3
338	32.2
338.2	30.4
338.4	29.7
338.6	30.4
338.8	32
339	32.6
339.2	30.8
339.4	30.8
339.6	32
339.8	32
340	30.2
340.2	30.2
340.4	32
340.6	32
340.8	29.8
341	29.7
341.2	32
341.4	32.1
341.6	32.1
341.8	30.4
342	29.7
342.2	29.4
342.4	30.8
342.6	32.2
342.8	32
343	30.4
343.2	30.2
343.4	32.6
343.6	32.6
343.8	32.2
344	28.9
344.2	28.8
344.4	30.8
344.6	32.1
344.8	32.1
345	29.6
345.2	30.4
345.4	32.1
345.6	32.1
345.8	32.2
346	29.6
346.2	29.6
346.4	30.3
346.6	32
346.8	30.3
347	30.4
347.2	32.1
347.4	32.6
347.6	32.1
347.8	29.8
348	29.6
348.2	30.8
348.4	32.6
348.6	30.8
348.8	29.4
349	29.6
349.2	32.2
349.4	32.8
349.6	32.1
349.8	29.6
350	28.1
350.2	30.3
350.4	32.1
350.6	32.1
350.8	29.6
351	29.6
351.2	32.1
351.4	32.6
351.6	32.2
351.8	28.9
352	29.8
352.2	30.4
352.4	30.3
352.6	30.4
352.8	30.3
353	32.6
353.2	32.2
353.4	30.2
353.6	32.1
353.8	32.1
354	32.2
354.2	29.6
354.4	29.8
354.6	32
354.8	32.1
355	32.6
355.2	32
355.4	32.1
355.6	30.3
355.8	30.8
356	30.4
356.2	30.4
356.4	30.4
356.6	30.3
356.8	32.1
357	32.2
357.2	32
357.4	32
357.6	32.2
357.8	30.4
358	29.5
358.2	30.8
358.4	32.2
358.6	32
358.8	30.4
359	29.8
359.2	32.2
359.4	32.1
359.6	32.1
359.8	30.2
360	28.6
360.2	30.2
360.4	32.2
360.6	32.1
360.8	30.3
361	29.8
361.2	32.1
361.4	32.6
361.6	30.8
361.8	29.4
362	29.8
362.2	32.2
362.4	30.8
362.6	30.2
362.8	29.8
363	32.6
363.2	32.1
363.4	32
363.6	29.4
363.8	29.4
364	32
364.2	32.1
364.4	32.1
364.6	29.6
364.8	29.8
365	32.2
365.2	32.1
365.4	32.4
365.6	29.8
365.8	28.2
366	30.4
366.2	32.1
366.4	32.2
366.6	29.7
366.8	29.4
367	32.1
367.2	32.6
367.4	32.1
367.6	29.7
367.8	29.6
368	29.8
368.2	30.3
368.4	30.3
368.6	32
368.8	30.8
369	30.8
369.2	32
369.4	32.2
369.6	32.1
369.8	30.4
370	30.2
370.2	29.4
370.4	30.3
370.6	32.1
370.8	32.1
371	32.2
371.2	29.8
371.4	30.4
371.6	32.6
371.8	32
372	30.2
372.2	30.4
372.4	30.4
372.6	32.2
372.8	32
373	30.3
373.2	32.1
373.4	32
373.6	30.4
373.8	29.4
374	30.4
374.2	32.1
374.4	30.8
374.6	30.2
374.8	29.7
375	32
375.2	32.4
375.4	32.6
375.6	30.8
375.8	29.4
376	29.7
376.2	32
376.4	32.1
376.6	32.2
376.8	30.4
377	30.8
377.2	32.1
377.4	30.8
377.6	30.4
377.8	30.2
378	30.8
378.2	30.8
378.4	30.3
378.6	29.7
378.8	32.2
379	32.1
379.2	32.6
379.4	29.4
379.6	28.8
379.8	30.2
380	32.6
380.2	32.1
380.4	28.9
380.6	29
380.8	32.2
381	32.1
381.2	32.1
381.4	28.9
381.6	29
381.8	32.2
382	32.6
382.2	32.6
382.4	29.8
382.6	30.4
382.8	32
383	32.6
383.2	32.6
383.4	30.8
383.6	30.4
383.8	29.6
384	30.4
384.2	30.3
384.4	32
384.6	32
384.8	30.8
385	32.2
385.2	30.3
385.4	32.2
385.6	32
385.8	30.4
386	29.8
386.2	29.6
386.4	32
386.6	32.1
386.8	32.4
387	29.6
387.2	29.4
387.4	30.8
387.6	32.1
387.8	32.2
388	28.9
388.2	29.6
388.4	32
388.6	32.1
388.8	32.2
389	30.2
389.2	32.1
389.4	32.2
389.6	30.2
389.8	29.8
390	30.8
390.2	32.2
390.4	30.3
390.6	29.8
390.8	30.3
391	32.6
391.2	32.6
391.4	30.4
391.6	29.6
391.8	30.4
392	32
392.2	30.4
392.4	30.4
392.6	30.3
392.8	32.1
393	32.6
393.2	30.3
393.4	30.4
393.6	30.3
393.8	30.8
394	30.3
394.2	29.7
394.4	30.8
394.6	32.1
394.8	32
395	32
395.2	30.2
395.4	30.2
395.6	29.7
395.8	32.2
396	32.2
396.2	30.4
396.4	30.2
396.6	30.5
396.8	32.1
397	32.1
397.2	30.2
397.4	28.9
397.6	30.4
397.8	32.4
398	32.1
398.2	30.2
398.4	29.4
398.6	30.3
398.8	32.6
399	32.1
399.2	30.2
399.4	30.4
399.6	30.4
399.8	32
400	30.3
400.2	30.3
400.4	30.8
400.6	32
400.8	32.1
401	30.3
401.2	32
401.4	30.8
401.6	30.4
401.8	29.6
402	30.2
402.2	30.4
402.4	32
402.6	32.6
402.8	32.2
403	29.8
403.2	29.8
403.4	30.8
403.6	32.6
403.8	32
404	29.4
404.2	30.2
404.4	32.1
404.6	32.6
404.8	32.1
405	30.4
405.2	30.4
405.4	30.3
405.6	30.4
405.8	29.8
406	30.2
406.2	32
406.4	32.2
406.6	30.3
406.8	30.3
407	32.2
407.2	32.6
407.4	32
407.6	29.4
407.8	30.4
408	32.2
408.2	32
408.4	30.3
408.6	30.2
408.8	32.1
409	32.1
409.2	30.8
409.4	28.9
409.6	29.8
409.8	30.3
410	30.5
410.2	30.3
410.4	30.4
410.6	32.4
410.8	32.6
411	30.8
411.2	29.7
411.4	29.8
411.6	32
411.8	30.8
412	30.4
412.2	30.4
412.4	30.8
412.6	32.1
412.8	32.1
413	30.8
413.2	29.4
413.4	29.8
413.6	30.3
413.8	32.1
414	30.3
414.2	29.8
414.4	30.2
414.6	32.6
414.8	32.6
415	32.2
415.2	29.6
415.4	29.8
415.6	30.3
415.8	32.2
416	30.4
416.2	29.7
416.4	30.3
416.6	32.1
416.8	32.1
417	30.8
417.2	30.8
417.4	30.8
417.6	30.8
417.8	30.4
418	30.4
418.2	32.2
418.4	32.1
418.6	32.2
418.8	30.4
419	32
419.2	30.3
419.4	30.2
419.6	30.3
419.8	30.2
420	30.8
420.2	32
420.4	32.1
420.6	32.2
420.8	30.4
421	30.8
421.2	32
421.4	30.3
421.6	30.3
421.8	30.2
422	32.1
422.2	32.1
422.4	32.1
422.6	30.3
422.8	30.6
423	32.1
423.2	32.2
423.4	29.8
423.6	29.6
423.8	32
424	32.4
424.2	32.1
424.4	30.4
424.6	30.4
424.8	32.1
425	32.1
425.2	30.3
425.4	29.4
425.6	29.7
425.8	32.2
426	32.2
426.2	30.8
426.4	29.8
426.6	30.8
426.8	32.1
427	30.4
427.2	29.4
427.4	30.4
427.6	32.2
427.8	32
428	29.7
428.2	30.4
428.4	32.1
428.6	32.1
428.8	30.8
429	29.4
429.2	29.4
429.4	32.1
429.6	32.1
429.8	30.3
430	29.8
430.2	30.4
430.4	32
430.6	32.2
430.8	32.2
431	30.2
431.2	29.8
431.4	30.8
431.6	32.1
431.8	30.3
432	30.2
432.2	30.8
432.4	32.1
432.6	32
432.8	32.2
433	30.8
433.2	29.7
433.4	30.2
433.6	30.3
433.8	30.8
434	32.2
434.2	32
434.4	30.3
434.6	30.3
434.8	32
435	32.4
435.2	30.3
435.4	29.6
435.6	29.8
435.8	32.2
436	32.6
436.2	32
436.4	29.7
436.6	29.7
436.8	32.1
437	32.6
437.2	29.6
437.4	28.9
437.6	29.7
437.8	32.2
438	32.1
438.2	30.3
438.4	30.3
438.6	32.2
438.8	32.1
439	30.8
439.2	29.8
439.4	30.2
439.6	30.3
439.8	32.6
440	32.2
440.2	30.4
440.4	30.4
440.6	32.2
440.8	32.1
441	30.8
441.2	29.7
441.4	28.9
441.6	30.8
441.8	32.1
442	32.2
442.2	30.3
442.4	30.8
442.6	32.2
442.8	32.1
443	30.4
443.2	30.4
443.4	30.4
443.6	30.2
443.8	30.3
444	30.4
444.2	32.1
444.4	32.1
444.6	32.2
444.8	30.2
445	29.6
445.2	32
445.4	32.4
445.6	30.3
445.8	29.8
446	30.6
446.2	32.6
446.4	32.1
446.6	32
446.8	29.8
447	29.8
447.2	32
447.4	30.3
447.6	32.2
447.8	30.6
448	30.2
448.2	30.3
448.4	32
448.6	32.1
448.8	32
449	29.8
449.2	29.4
449.4	30.4
449.6	32.1
449.8	32.6
450	30.4
450.2	30.2
450.4	32.6
450.6	32.6
450.8	32.1
451	30.4
451.2	28.8
451.4	29.7
451.6	32.2
451.8	32.1
452	32.2
452.2	30.8
452.4	30.2
452.6	32.1
452.8	32
453	30.2
453.2	29.4
453.4	30.4
453.6	32.1
453.8	32.1
454	32.1
454.2	30.3
454.4	30.8
454.6	32
454.8	32
455	29.8
455.2	29.7
455.4	30.2
455.6	32.2
455.8	32.6
456	30.3
456.2	30.2
456.4	32
456.6	32.1
456.8	32.1
457	30.2
457.2	29.6
457.4	29.7
457.6	32.4
457.8	32
458	32
458.2	30.2
458.4	32
458.6	32.2
458.8	30.5
459	30.4
459.2	30.2
459.4	29.7
459.6	32.2
459.8	30.8
460	30.6
460.2	32
460.4	32.2
460.6	32
460.8	30.4
461	30.4
461.2	32.2
461.4	30.8
461.6	30.4
461.8	30.2
462	32.1
462.2	32.1
462.4	32
462.6	29.7
462.8	29.6
463	30.8
463.2	32
463.4	32.2
463.6	30.2
463.8	30.4
464	32.2
464.2	32.1
464.4	32.6
464.6	32
464.8	30.2
465	29.8
465.2	29.7
465.4	32
465.6	32.6
465.8	30.8
466	29.6
466.2	29.8
466.4	32.6
466.6	32.6
466.8	32.2
467	28.8
467.2	29.7
467.4	30.3
467.6	32.1
467.8	32.1
468	29.7
468.2	30.2
468.4	32.1
468.6	32.1
468.8	30.2
469	29.4
469.2	29.7
469.4	32
469.6	32.1
469.8	30.3
470	29.7
470.2	30.8
470.4	32.1
470.6	32.6
470.8	30.4
471	29.6
471.2	29.7
471.4	32.6
471.6	32.1
471.8	30.3
472	29.8
472.2	30.3
472.4	32.1
472.6	32.1
472.8	30.2
473	29
473.2	29.6
473.4	32.1
473.6	32.1
473.8	30.8
474	30.2
474.2	30.3
474.4	32.1
474.6	32.1
474.8	30.2
475	29
475.2	29.6
475.4	32.2
475.6	32.1
475.8	32
476	30.2
476.2	32.1
476.4	32
476.6	32
476.8	30.4
477	29.7
477.2	30.4
477.4	30.8
477.6	30.4
477.8	32
478	32.6
478.2	32.6
478.4	30.3
478.6	29
478.8	29.7
479	32.4
479.2	32.1
479.4	30.8
479.6	29.6
479.8	30.4
480	32.6
480.2	32.6
480.4	30.3
480.6	29.8
480.8	29.8
481	32
481.2	32
481.4	30.3
481.6	32.2
481.8	32
482	30.3
482.2	30.3
482.4	32
482.6	32.2
482.8	30.3
483	29.4
483.2	29.7
483.4	32.1
483.6	32.1
483.8	30.3
484	30.2
484.2	30.8
484.4	32.2
484.6	32.2
484.8	29.8
485	29.6
485.2	30.8
485.4	32.1
485.6	32
485.8	29.8
486	30.3
486.2	32.2
486.4	32.1
486.6	30.2
486.8	28.8
487	29.8
487.2	32.1
487.4	32.6
487.6	29.7
487.8	30.3
488	30.8
488.2	32.1
488.4	32.1
488.6	29.8
488.8	29.3
489	30.3
489.2	32.6
489.4	32.4
489.6	30.2
489.8	29.8
490	30.6
490.2	32
490.4	32.6
490.6	30.3
490.8	29.6
491	29.4
491.2	30.3
491.4	32.1
491.6	32.1
491.8	32
492	30.2
492.2	30.4
492.4	30.3
492.6	32
492.8	32
493	29.7
493.2	29.8
493.4	30.4
493.6	32.6
493.8	32.1
494	32.6
494.2	29.7
494.4	29.8
494.6	30.4
494.8	32.2
495	32
495.2	30.4
495.4	29.7
495.6	32
495.8	32.6
496	32.1
496.2	30.8
496.4	29.8
496.6	30.2
496.8	32.2
497	32.2
497.2	30.4
497.4	29.7
497.6	32
497.8	32.1
498	30.8
498.2	30.4
498.4	30.4
498.6	32
498.8	32.2
499	30.4
499.2	30.2
499.4	32.2
499.6	32.1
499.8	32.2
500	30.8
500.2	32
500.4	30.3
500.6	30.4
500.8	29.7
501	30.4
501.2	32.6
501.4	30.8
501.6	30.2
501.8	30.3
502	32.1
502.2	32.6
502.4	30.2
502.6	29
502.8	30.4
503	32.1
503.2	32.6
503.4	30.2
503.6	29.4
503.8	30.3
504	32.1
504.2	32.1
504.4	29.4
504.6	28.9
504.8	32
505	32.1
505.2	32.6
505.4	29.8
505.6	29.4
505.8	32.1
506	32.6
506.2	32.6
506.4	29.7
506.6	29.4
506.8	29.7
507	32.1
507.2	32
507.4	30.8
507.6	32.6
507.8	32.1
508	32
508.2	30.8
508.4	32
508.6	32
508.8	30.2
509	30.4
509.2	30.2
509.4	32.2
509.6	32.4
509.8	32.1
510	30.3
510.2	30.2
510.4	30.4
510.6	30.8
510.8	32.2
511	30.3
511.2	30.2
511.4	30.3
511.6	32.1
511.8	32.6
512	30.8
512.2	29.7
512.4	29.7
512.6	30.8
512.8	32.1
513	30.3
513.2	29.7
513.4	29.8
513.6	32.1
513.8	32.1
514	32
514.2	28.9
514.4	29.7
514.6	32.2
514.8	32.1
515	30.3
515.2	29.8
515.4	30.3
515.6	32.1
515.8	32.1
516	30.8
516.2	29.7
516.4	29.8
516.6	30.3
516.8	32.2
517	32
517.2	30.3
517.4	30.4
517.6	32.2
517.8	32.1
518	32.1
518.2	29.6
518.4	28.9
518.6	30.4
518.8	32.1
519	32.6
519.2	29.7
519.4	29.4
519.6	32.6
519.8	32.1
520	32.6
520.2	29.7
520.4	28.8
520.6	30.4
520.8	32.1
521	32.1
521.2	30.2
521.4	29
521.6	30.3
521.8	32.1
522	32.1
522.2	30.2
522.4	29.4
522.6	29.8
522.8	32
523	32.2
523.2	30.4
523.4	30.3
523.6	30.8
523.8	32.1
524	32.6
524.2	32.2
524.4	32
524.6	32
524.8	32.1
525	32
525.2	32
525.4	32.1
525.6	32
525.8	32.2
526	30.3
526.2	30.3
526.4	30.4
526.6	30.4
526.8	32.2
527	30.8
527.2	32
527.4	32.2
527.6	32.1
527.8	32.2
528	30.3
528.2	30.2
528.4	30.8
528.6	30.8
528.8	32.1
529	32
529.2	30.8
529.4	32
529.6	32.6
529.8	32.1
530	30.3
530.2	29.4
530.4	30.5
530.6	32.6
530.8	32.2
531	30.2
531.2	30.2
531.4	32.6
531.6	32.1
531.8	32.2
532	29.8
532.2	30.2
532.4	32.1
532.6	30.3
532.8	30.4
533	29.6
533.2	30.4
533.4	32.6
533.6	32.1
533.8	30.3
534	29.7
534.2	30.2
534.4	30.4
534.6	32.2
534.8	32.2
535	30.3
535.2	30.4
535.4	30.3
535.6	32.1
535.8	32.1
536	30.3
536.2	29.4
536.4	28.9
536.6	32.1
536.8	32.1
537	30.8
537.2	29.4
537.4	29.7
537.6	32.1
537.8	32.6
538	30.4
538.2	28.9
538.4	29.6
538.6	32.1
538.8	32.1
539	30.3
539.2	30.2
539.4	32
539.6	32.1
539.8	32.6
540	29.7
540.2	29.8
540.4	30.2
540.6	32
540.8	32.2
541	30.4
541.2	32
541.4	32.1
541.6	30.8
541.8	30.8
542	30.3
542.2	30.3
542.4	30.4
542.6	29.8
542.8	30.2
543	32.1
543.2	32.1
543.4	32.2
543.6	30.8
543.8	30.6
544	30.4
544.2	30.2
544.4	32
544.6	32
544.8	30.4
545	30.8
545.2	32.2
545.4	32.2
545.6	32
545.8	32
546	30.4
546.2	30.2
546.4	30.3
546.6	30.3
546.8	30.6
547	30.8
547.2	32
547.4	32
547.6	32
547.8	30.3
548	29.8
548.2	30.8
548.4	32.2
548.6	30.8
548.8	29.7
549	30.2
549.2	32.6
549.4	32.6
549.6	30.8
549.8	29.6
550	29.7
550.2	32
550.4	32.6
550.6	30.3
550.8	29.7
551	30.4
551.2	32.2
551.4	32.1
551.6	32
551.8	30.2
552	29.8
552.2	30.2
552.4	32
552.6	32.6
552.8	30.8
553	30.4
553.2	30.4
553.4	32.1
553.6	32.1
553.8	30.4
554	28.8
554.2	29.8
554.4	32.1
554.6	32.6
554.8	30.8
555	28.9
555.2	29.7
555.4	32.4
555.6	32.1
555.8	30.4
556	28.9
556.2	29.6
556.4	32.1
556.6	32.6
556.8	30.4
557	30.4
557.2	32.1
557.4	32.6
557.6	32
557.8	30.4
558	30.4
558.2	32
558.4	30.2
558.6	29.7
558.8	30.3
559	32.1
559.2	32.1
559.4	32
559.6	30.2
559.8	30.4
560	32
560.2	30.4
560.4	30.4
560.6	30.3
560.8	32.2
561	32.1
561.2	30.8
561.4	30.2
561.6	30.3
561.8	32
562	30.8
562.2	30.2
562.4	29.7
562.6	30.3
562.8	32.2
563	32.6
563.2	32
563.4	30.4
563.6	30.8
563.8	32
564	32
564.2	30.4
564.4	30.4
564.6	32
564.8	30.8
565	30.3
565.2	32
565.4	30.8
565.6	32
565.8	30.2
566	30.2
566.2	32.1
566.4	32
566.6	30.4
566.8	30.4
567	32.1
567.2	32.6
567.4	32.1
567.6	28.9
567.8	29.4
568	30.8
568.2	32.6
568.4	32.2
568.6	29.6
568.8	30.2
569	32.6
569.2	32.6
569.4	32.6
569.6	30.2
569.8	29.4
570	29.7
570.2	32.2
570.4	32.1
570.6	32.2
570.8	29.8
571	30.2
571.2	32.1
571.4	32.1
571.6	32
571.8	29.8
572	29.4
572.2	30.8
572.4	32.1
572.6	32.2
572.8	30.3
573	30.4
573.2	32
573.4	32.2
573.6	30.8
573.8	30.4
574	30.2
574.2	30.8
574.4	30.8
574.6	32
574.8	32
575	32.2
575.2	30.8
575.4	32
575.6	30.8
575.8	30.8
576	30.4
576.2	29.7
576.4	30.2
576.6	32.2
576.8	32.1
577	30.8
577.2	29.7
577.4	30.4
577.6	32
577.8	32.2
578	30.2
578.2	29.8
578.4	30.3
578.6	32.1
578.8	32.6
579	30.4
579.2	29.8
579.4	30.4
579.6	32
579.8	30.5
580	30.2
580.2	30.2
580.4	30.3
580.6	32.2
580.8	32.6
581	30.3
581.2	30.4
581.4	30.8
581.6	30.3
581.8	32
582	30.3
582.2	29.7
582.4	30.2
582.6	30.3
582.8	32.6
583	32.1
583.2	30.3
583.4	29.7
583.6	29.8
583.8	30.3
584	32.2
584.2	32
584.4	30.2
584.6	29.7
584.8	32.2
585	32.1
585.2	32.1
585.4	30.4
585.6	28.9
585.8	30.4
586	32.2
586.2	32
586.4	30.4
586.6	30.2
586.8	30.3
587	32
587.2	32.2
587.4	30.8
587.6	30.4
587.8	30.2
588	30.3
588.2	32
588.4	32.2
588.6	32
588.8	30.3
589	32
589.2	32.2
589.4	30.8
589.6	30.2
589.8	30.2
590	30.3
590.2	30.6
590.4	30.8
590.6	32
590.8	30.8
591	32
591.2	32
591.4	30.6
591.6	30.4
591.8	30.4
592	30.6
592.2	30.3
592.4	30.3
592.6	32.1
592.8	32.1
593	30.8
593.2	30.4
593.4	29.7
593.6	30.8
593.8	30.3
594	30.2
594.2	30.4
594.4	32.2
594.6	32.1
594.8	32.6
595	29.7
595.2	30.3
595.4	32.1
595.6	32.6
595.8	30.3
596	29.4
596.2	30.8
596.4	32.2
596.6	32.1
596.8	32
597	29.8
597.2	30.2
597.4	30.8
597.6	32.1
597.8	32
598	29.7
598.2	29.4
598.4	30.3
598.6	32.6
598.8	32.6
599	32.2
599.2	29.7
599.4	29.8
599.6	32.1
599.8	32.1
600	32